81 0.362141 0.266705 0.371154
140 0.193097 0.598385 0.208517
140 0.186675 0.672452 0.140873
77 0.817537 0.116979 0.0654837
77 0.839462 0.061957 0.0985813
77 0.866423 0.00506882 0.128508
76 0.10424 0.0512664 0.844494
76 0.0724969 0.105667 0.821836
79 0.0673385 0.737209 0.195452
79 0.110382 0.676837 0.212781
78 0.313552 0.180182 0.506266
81 0.233299 0.066778 0.699923
81 0.288603 0.00555418 0.705843
80 0.657171 0.0486462 0.294183
80 0.602835 0.0984635 0.298701
80 0.547793 0.14425 0.307956
80 0.492217 0.185691 0.322093
80 0.440156 0.219266 0.340578
80 0.39264 0.244087 0.363273
80 0.348927 0.261759 0.389314
80 0.309796 0.271875 0.418329
80 0.275891 0.274103 0.450006
80 0.247607 0.26726 0.485134
80 0.225444 0.252588 0.521968
80 0.209863 0.230573 0.559565
81 0.283502 0.696528 0.0199693
80 0.198293 0.167571 0.634136
144 0.746968 0.122494 0.130538
80 0.21427 0.0792238 0.706507
80 0.230041 0.0244272 0.745531
81 0.74491 0.0354971 0.219593
143 0.657481 0.15917 0.183349
143 0.617797 0.261156 0.121047
206 0.419269 0.451867 0.128863
206 0.464889 0.380047 0.155064
206 0.514491 0.312383 0.173126
206 0.563582 0.248025 0.188393
206 0.614687 0.189247 0.196066
206 0.667928 0.136543 0.195529
206 0.722146 0.100158 0.177696
206 0.776382 0.0724763 0.151142
206 0.831741 0.0554967 0.112763
143 0.112114 0.756312 0.131575
143 0.0652096 0.750947 0.183843
140 0.0686084 0.183952 0.74744
140 0.103731 0.222234 0.674035
79 0.304945 0.686666 0.00838991
140 0.156598 0.327638 0.515764
140 0.174708 0.389736 0.435556
140 0.186464 0.457054 0.356482
140 0.19274 0.526718 0.280542
138 0.25297 0.395451 0.351579
73 0.821066 0.100553 0.0783807
72 0.228447 0.00209945 0.769453
138 0.241356 0.618701 0.139943
72 0.0850605 0.346094 0.568845
75 0.777901 0.0955897 0.12651
75 0.0839628 0.356107 0.55993
74 0.172881 0.0379613 0.789158
75 0.220129 0.0929658 0.686905
74 0.10364 0.179969 0.716391
74 0.649158 0.22841 0.122432
77 0.0660769 0.597501 0.336422
11 0.500808 0.434059 0.0651331
77 0.129444 0.473189 0.397367
11 0.656719 0.190347 0.152934
77 0.251356 0.274097 0.474547
10 0.146529 0.0856417 0.767829
77 0.358511 0.115606 0.525882
13 0.132098 0.562043 0.305859
76 0.52718 0.0302712 0.442549
13 0.330674 0.305997 0.363329
76 0.410175 0.163696 0.426129
13 0.520246 0.0911253 0.388629
76 0.288854 0.289474 0.421672
12 0.167996 0.222318 0.609686
76 0.165985 0.407936 0.426079
15 0.171662 0.438386 0.389952
79 0.0731854 0.369143 0.557672
15 0.390781 0.240291 0.368928
79 0.194639 0.258471 0.546889
16 0.00780554 0.985338 0.00685681
79 0.310335 0.167157 0.522508
18 0.676059 0.235149 0.0887917
79 0.422793 0.100629 0.476578
18 0.408296 0.420017 0.171688
79 0.524217 0.0582825 0.4175
18 0.224939 0.526153 0.248908
79 0.636347 0.00344917 0.360204
18 0.0631036 0.600614 0.336282
79 0.692961 0.0336641 0.273375
80 0.268295 0.373902 0.357803
79 0.767456 0.0404875 0.192056
80 0.136952 0.324215 0.538834
79 0.828168 0.0661528 0.105679
83 0.107243 0.606298 0.286459
142 0.116953 0.592297 0.290751
83 0.192832 0.690994 0.116174
142 0.0850679 0.413453 0.501479
147 0.228768 0.214799 0.556434
145 0.0935959 0.602631 0.303774
147 0.25073 0.533934 0.215337
209 0.0907804 0.102144 0.807075
211 0.237826 0.321097 0.441077
209 0.0823865 0.297178 0.620435
275 0.174977 0.186424 0.6386
206 0.0659254 0.330177 0.603897
275 0.0822673 0.656271 0.261462
270 0.0929095 0.741593 0.165498
336 0.113607 0.772436 0.113957
270 0.147619 0.508457 0.343924
336 0.240097 0.505099 0.254804
270 0.216252 0.313969 0.46978
336 0.517159 0.104098 0.378743
270 0.300649 0.118768 0.580583
337 0.416647 0.0597361 0.523617
271 0.597631 0.0976404 0.304728
334 0.0360025 0.317587 0.646411
271 0.617335 0.160742 0.221923
334 0.152326 0.188496 0.659179
271 0.34508 0.509722 0.145198
335 0.58484 0.111962 0.303197
271 0.214612 0.702812 0.0825761
335 0.118104 0.631593 0.250302
334 0.915182 0.0388697 0.0459482
332 0.0757318 0.202687 0.721582
332 0.14499 0.811454 0.0435558
333 0.66994 0.00123985 0.32882
269 0.736981 0.139807 0.123212
333 0.367766 0.232108 0.400126
269 0.602752 0.17439 0.222858
333 0.0856655 0.432181 0.482154
269 0.475706 0.173815 0.350479
330 0.293261 0.29781 0.40893
269 0.354346 0.157633 0.488021
330 0.396328 0.359182 0.24449
269 0.237171 0.152704 0.610126
330 0.597143 0.323141 0.079716
269 0.131434 0.123735 0.744831
267 0.234965 0.521144 0.243892
202 0.0426757 0.0875671 0.869757
267 0.123301 0.221702 0.654998
202 0.104021 0.231405 0.664574
200 0.0463391 0.188609 0.765052
202 0.158855 0.397905 0.44324
200 0.125468 0.546063 0.328469
202 0.214079 0.568558 0.217363
136 0.168032 0.0457908 0.786177
139 0.738578 0.0575681 0.203854
136 0.191511 0.40991 0.398578
138 0.263757 0.155908 0.580335
73 0.061661 0.703275 0.235064
73 0.114846 0.428415 0.456739
73 0.216154 0.0671241 0.716722
72 0.672703 0.258006 0.0692904
9 0.473272 0.367443 0.159285
8 0.0329117 0.55642 0.410668
8 0.26744 0.21381 0.51875
10 0.470644 0.400954 0.128401
747 0.080614 0.759562 0.159824
749 0.207836 0.0397653 0.752398
749 0.314345 0.278364 0.407291
750 0.573825 0.370623 0.0555516
752 0.155987 0.444892 0.399121
752 0.131846 0.0554062 0.812747
754 0.21769 0.567121 0.21519
754 0.342392 0.0647359 0.592872
755 0.63034 0.105824 0.263835
756 0.525558 0.410659 0.0637832
757 0.132469 0.329366 0.538165
757 0.0750873 0.495118 0.429795
20 0.271442 0.637343 0.091215
20 0.0911323 0.65619 0.252678
23 0.105783 0.333089 0.561127
23 0.230005 0.415775 0.35422
85 0.352305 0.551659 0.0960368
149 0.393855 0.241955 0.36419
213 0.387409 0.1532 0.459391
277 0.302359 0.188813 0.508827
340 0.834501 0.0499571 0.115542
338 0.0355697 0.602542 0.361889
338 0.275911 0.108516 0.615573
339 0.552196 0.210927 0.236878
339 0.202929 0.762641 0.0344298
400 0.189331 0.644906 0.165762
400 0.569031 0.138146 0.292822
398 0.076153 0.533451 0.390396
399 0.341654 0.148088 0.510258
396 0.0751445 0.486917 0.437938
396 0.516639 0.120549 0.362812
394 0.0168024 0.740876 0.242321
394 0.40751 0.538211 0.054279
331 0.236481 0.610059 0.15346
328 0.0508407 0.33643 0.612729
328 0.304099 0.299421 0.39648
328 0.588184 0.271728 0.140088
265 0.29142 0.372213 0.336367
201 0.142951 0.787467 0.0695819
201 0.0714683 0.262081 0.666451
134 0.0719256 0.28979 0.638284
134 0.0246556 0.867289 0.108055
71 0.0724153 0.155147 0.772437
7 0.705493 0.271189 0.0233185
6 0.186787 0.0706319 0.742581
6 0.0354874 0.484417 0.480096
6 0.309355 0.376653 0.313993
8 0.62148 0.340636 0.0378849
745 0.247241 0.412573 0.340186
745 0.527357 0.447904 0.024739
746 0.245114 0.395574 0.359312
746 0.0606955 0.236602 0.702703
812 0.633968 0.0670747 0.298957
879 0.464435 0.320194 0.215371
880 0.437655 0.214964 0.34738
881 0.530907 0.379969 0.0891236
883 0.265491 0.200626 0.533882
819 0.892885 0.0886957 0.0184197
820 0.434178 0.255681 0.310141
756 0.0460489 0.1273 0.826651
756 0.108255 0.031363 0.860382
758 0.414687 0.411875 0.173438
759 0.3152 0.00937096 0.675429
22 0.412914 0.580816 0.00627062
22 0.236653 0.542283 0.221064
22 0.0803773 0.473319 0.446304
25 0.0180741 0.688137 0.293789
25 0.0851411 0.901704 0.0131553
151 0.466036 0.327794 0.206169
279 0.511525 0.306548 0.181926
342 0.802876 0.00934036 0.187783
343 0.0225186 0.454149 0.523332
340 0.191438 0.0280622 0.780499
404 0.512914 0.378596 0.108491
405 0.0939336 0.358543 0.547523
403 0.603045 0.109548 0.287408
403 0.0206525 0.9447 0.0346476
464 0.632145 0.252242 0.115613
462 0.340289 0.466761 0.19295
460 0.0750852 0.74178 0.183135
460 0.748763 0.192112 0.0591249
395 0.632347 0.223717 0.143936
395 0.135577 0.485118 0.379304
392 0.358289 0.320039 0.321673
329 0.242652 0.729729 0.0276184
326 0.0606224 0.617468 0.321909
326 0.276096 0.429326 0.294578
263 0.547618 0.351081 0.101301
262 0.566189 0.331736 0.102075
198 0.621182 0.123981 0.254837
135 0.310846 0.176968 0.512186
71 0.32893 0.614223 0.0568474
71 0.0185659 0.0907125 0.890722
7 0.105572 0.696451 0.197977
7 0.210982 0.31489 0.474128
6 0.632671 0.120353 0.246976
743 0.0570206 0.496467 0.446512
743 0.407634 0.383269 0.209097
743 0.699791 0.0161872 0.284021
809 0.185811 0.227443 0.586746
809 0.831961 0.00127586 0.166763
874 0.426203 0.187603 0.386194
940 0.111254 0.0283042 0.860442
1007 0.118656 0.452679 0.428665
1009 0.16878 0.105705 0.725515
1009 0.162241 0.789133 0.048626
946 0.0416853 0.284871 0.673444
948 0.406556 0.268553 0.324891
884 0.0775015 0.0247683 0.89773
887 0.193016 0.201427 0.605557
760 0.139895 0.792165 0.06794
823 0.0259898 0.716282 0.257728
761 0.0598017 0.418919 0.521279
24 0.401811 0.297177 0.301012
24 0.248295 0.138949 0.612756
24 0.423865 0.274207 0.301928
88 0.0470302 0.644472 0.308498
25 0.742688 0.142077 0.115236
88 0.23225 0.56114 0.20661
281 0.219949 0.0827234 0.697328
345 0.108037 0.0830036 0.808959
342 0.190885 0.210673 0.598442
343 0.754193 0.17018 0.0756276
407 0.378793 0.397286 0.223921
407 0.0433502 0.72333 0.23332
404 0.00542331 0.0971835 0.897393
468 0.704013 0.0331619 0.262825
467 0.366199 0.156131 0.47767
465 0.352666 0.270377 0.376957
463 0.301345 0.290243 0.408412
461 0.351163 0.0557917 0.593046
395 0.928437 0.0430032 0.0285595
395 0.307783 0.297916 0.394301
392 0.233676 0.577573 0.188751
329 0.400498 0.342744 0.256758
329 0.110147 0.257954 0.631899
327 0.0368138 0.438851 0.524335
324 0.127598 0.825218 0.047184
260 0.225494 0.619425 0.15508
132 0.140387 0.541443 0.31817
68 0.126326 0.0901787 0.783495
68 0.0803603 0.461707 0.457933
5 0.550781 0.325768 0.123451
5 0.509287 0.109853 0.38086
4 0.336705 0.345031 0.318264
741 0.0954846 0.411735 0.49278
741 0.439709 0.246893 0.313398
742 0.231514 0.540437 0.228049
807 0.348687 0.187253 0.46406
871 0.258086 0.626715 0.115198
936 0.821145 0.0981444 0.0807108
1003 0.346314 0.425852 0.227834
1004 0.352672 0.142356 0.504972
1006 0.159673 0.552678 0.287649
1008 0.0612846 0.83437 0.104345
1009 0.909832 0.080437 0.00973138
1010 0.149047 0.147175 0.703778
1013 0.571718 0.110885 0.317396
1015 0.14223 0.216341 0.641429
888 0.418826 0.208145 0.373029
825 0.532348 0.185891 0.281762
761 0.668677 0.275463 0.0558598
762 0.733143 0.114112 0.152745
26 0.718669 0.164529 0.116801
27 0.380379 0.0925717 0.527049
27 0.456493 0.362066 0.181441
90 0.396456 0.396885 0.206659
90 0.343702 0.0194359 0.636862
154 0.326482 0.509746 0.163772
218 0.348799 0.440996 0.210205
347 0.156558 0.299788 0.543654
344 0.0183392 0.0652639 0.916397
408 0.237363 0.256721 0.505916
408 0.102411 0.624067 0.273523
409 0.489939 0.358315 0.151746
470 0.0981993 0.462697 0.439104
532 0.345286 0.364165 0.290549
531 0.14977 0.39062 0.45961
527 0.498122 0.0278026 0.474075
522 0.152679 0.554215 0.293106
457 0.756271 0.141902 0.101826
454 0.0576517 0.558311 0.384037
391 0.46967 0.344474 0.185857
391 0.108309 0.146984 0.744707
324 0.148209 0.170837 0.680954
324 0.324731 0.480177 0.195092
260 0.443875 0.280726 0.275399
196 0.0311826 0.15553 0.813288
132 0.0762138 0.100597 0.823189
69 0.928959 0.0231587 0.0478823
68 0.0292781 0.388678 0.582044
71 0.0131446 0.172342 0.814513
5 0.0344789 0.466857 0.498664
4 0.708049 0.251734 0.0402171
4 0.236541 0.737856 0.025603
741 0.260278 0.00917842 0.730544
740 0.373423 0.13567 0.490907
805 0.140632 0.565533 0.293835
869 0.275929 0.503554 0.220517
935 0.164701 0.19506 0.640239
999 0.116769 0.710464 0.172767
1002 0.145658 0.657177 0.197165
1068 0.229167 0.217095 0.553738
1069 0.56817 0.322826 0.109003
1071 0.726553 0.203383 0.0700643
1073 0.713046 0.279881 0.00707264
1076 0.460411 0.517693 0.0218961
1015 0.802188 0.0852738 0.112538
1017 0.451102 0.0156894 0.533209
954 0.388132 0.597259 0.0146093
891 0.309252 0.0759469 0.614801
827 0.189346 0.425681 0.384974
763 0.468585 0.260124 0.271292
26 0.0816214 0.906649 0.0117292
29 0.0302798 0.357792 0.611928
29 0.12898 0.609976 0.261044
92 0.778059 0.0804839 0.141457
93 0.275366 0.299475 0.425159
156 0.766313 0.040241 0.193446
220 0.703366 0.129727 0.166906
346 0.0750966 0.487728 0.437175
347 0.853677 0.0799831 0.0663401
346 0.0130076 0.129478 0.857514
410 0.206521 0.349172 0.444306
474 0.530828 0.310439 0.158732
536 0.0522107 0.638302 0.309487
535 0.78096 0.0748478 0.144192
594 0.392674 0.114298 0.493028
588 0.269601 0.211238 0.519161
521 0.759705 0.0928123 0.147483
518 0.428861 0.268425 0.302714
452 0.12106 0.201587 0.677353
452 0.522883 0.46398 0.0131373
389 0.234677 0.117372 0.647951
325 0.0490221 0.645564 0.305414
322 0.0399436 0.732945 0.227111
258 0.112425 0.603574 0.284001
194 0.13378 0.669233 0.196987
130 0.193359 0.251891 0.554751
66 0.169893 0.0371428 0.792965
66 0.128051 0.521974 0.349975
3 0.886478 0.00550212 0.10802
2 0.539071 0.0170489 0.44388
2 0.425701 0.545959 0.0283394
739 0.463582 0.220785 0.315633
738 0.0342959 0.173689 0.792015
803 0.224474 0.41873 0.356796
738 0.0262174 0.0867444 0.887038
804 0.0170224 0.843945 0.139033
933 0.1232 0.343877 0.532923
1063 0.666965 0.268923 0.0641116
1065 0.0239502 0.232176 0.743874
1066 0.422207 0.480403 0.0973899
1133 0.244749 0.280237 0.475014
1138 0.24657 0.737804 0.0156252
1141 0.467141 0.0324773 0.500382
1078 0.0353257 0.288617 0.676058
1081 0.406984 0.119797 0.473219
1018 0.222443 0.605359 0.172198
1019 0.181552 0.436195 0.382253
891 0.90431 0.0829554 0.0127341
828 0.328553 0.386012 0.285435
764 0.391465 0.287796 0.32074
765 0.165527 0.298557 0.535916
28 0.416448 0.298546 0.285005
29 0.603205 0.0362086 0.360587
92 0.270016 0.679833 0.0501511
92 0.162384 0.336494 0.501122
93 0.878335 0.0617814 0.0598839
284 0.327972 0.290804 0.381224
348 0.311769 0.319925 0.368306
349 0.679979 0.184495 0.135526
349 0.787392 0.0890478 0.12356
415 0.0881656 0.867334 0.0445006
476 0.0984282 0.0939877 0.807584
540 0.387715 0.0333639 0.578922
603 0.576107 0.135667 0.288226
714 0.366114 0.615934 0.0179514
651 0.321989 0.599296 0.0787152
580 0.00557592 0.382833 0.611591
514 0.0369024 0.43117 0.531927
451 0.652188 0.172596 0.175216
450 0.509475 0.417057 0.0734679
386 0.588929 0.0548088 0.356262
323 0.325708 0.405898 0.268394
322 0.693317 0.118289 0.188394
258 0.722939 0.132106 0.144955
131 0.265203 0.481505 0.253292
131 0.238814 0.154621 0.606565
67 0.274781 0.434025 0.291195
66 0.659129 0.0666108 0.274261
3 0.363376 0.45807 0.178554
0 0.0727893 0.589583 0.337628
738 0.891616 0.0632324 0.045152
738 0.404916 0.436298 0.158786
803 0.257981 0.0453969 0.696622
802 0.372843 0.47383 0.153327
866 0.160803 0.481806 0.357391
995 0.174968 0.468277 0.356755
995 0.798981 0.172226 0.0287926
1061 0.45439 0.0980442 0.447566
1127 0.174138 0.0640343 0.761828
1128 0.203866 0.400193 0.395941
1199 0.632305 0.126109 0.241586
1204 0.544097 0.325576 0.130327
1142 0.0147386 0.316641 0.66862
1144 0.396698 0.202405 0.400897
1082 0.140654 0.675557 0.18379
1083 0.103689 0.752117 0.144194
1020 0.509142 0.132564 0.358294
956 0.303544 0.0996141 0.596842
893 0.239995 0.594005 0.166
766 0.0213903 0.895651 0.0829592
766 0.726966 0.237008 0.0360261
31 0.117382 0.08459 0.798028
31 0.212093 0.369552 0.418356
31 0.291262 0.700905 0.00783298
95 0.364146 0.0760603 0.559794
159 0.17326 0.569611 0.257129
286 0.720485 0.139945 0.13957
350 0.6304 0.11043 0.25917
351 0.412903 0.363178 0.223919
351 0.514905 0.328111 0.156984
414 0.0929982 0.58746 0.319542
478 0.0996785 0.631901 0.268421
542 0.15628 0.687082 0.156637
543 0.624691 0.360872 0.0144374
668 0.127776 0.0156072 0.856617
712 0.312708 0.0609352 0.626357
577 0.359684 0.350663 0.289654
513 0.541355 0.0167086 0.441937
449 0.506768 0.292213 0.201019
448 0.492466 0.449337 0.0581963
384 0.421281 0.279698 0.299021
386 0.843031 0.132585 0.0243838
320 0.345146 0.0635461 0.591308
320 0.40402 0.548611 0.0473694
192 0.369608 0.065806 0.564586
128 0.366521 0.32397 0.309509
64 0.142336 0.430697 0.426968
64 0.240311 0.587403 0.172286
0 0.193578 0.08881 0.717612
0 0.581232 0.111172 0.307596
737 0.172425 0.33543 0.492145
736 0.297143 0.160344 0.542513
801 0.442019 0.246828 0.311152
865 0.0924578 0.516603 0.39094
929 0.439212 0.341196 0.219591
994 0.589225 0.399969 0.0108061
994 0.035033 0.657928 0.307039
1058 0.167513 0.120713 0.711774
1124 0.360785 0.303246 0.335969
1191 0.450225 0.101715 0.448061
1194 0.0412719 0.48577 0.472959
1265 0.169601 0.338794 0.491605
1206 0.267852 0.688524 0.0436242
1148 0.243075 0.552727 0.204198
1084 0.0481325 0.633166 0.318701
1085 0.498987 0.143129 0.357884
1021 0.765535 0.218844 0.0156216
1023 0.139532 0.16588 0.694588
894 0.386237 0.144498 0.469265
831 0.383589 0.198224 0.418187
767 0.359787 0.149065 0.491149
30 0.389174 0.50944 0.101386
30 0.337552 0.149931 0.512517
31 0.712064 0.159621 0.128314
95 0.635653 0.0314837 0.332863
158 0.258825 0.326073 0.415102
222 0.159091 0.204679 0.63623
350 0.047339 0.811304 0.141357
350 0.303697 0.453019 0.243284
352 0.291091 0.149474 0.559435
416 0.175992 0.48542 0.338588
483 0.0779446 0.189048 0.733007
546 0.666965 0.155749 0.177286
610 0.123276 0.802621 0.0741021
679 0.0406856 0.842042 0.117273
730 0.377267 0.217219 0.405514
700 0.340559 0.415696 0.243745
575 0.679858 0.150181 0.169961
511 0.485867 0.126234 0.387899
447 0.745828 0.0810221 0.17315
446 0.14834 0.621023 0.230637
385 0.0126813 0.159923 0.827395
321 0.0503721 0.45103 0.498597
193 0.214811 0.343901 0.441288
193 0.110731 0.231053 0.658216
128 0.826997 0.0251465 0.147856
65 0.234988 0.352235 0.412777
64 0.700229 0.170619 0.129151
1 0.349636 0.339941 0.310423
62 0.0527089 0.7364 0.210892
736 0.744611 0.212052 0.0433368
736 0.264787 0.618966 0.116247
863 0.0840415 0.892046 0.0239124
864 0.673252 0.209584 0.117164
928 0.354491 0.419734 0.225775
992 0.49462 0.123414 0.381966
1057 0.292114 0.177554 0.530332
1121 0.156487 0.657722 0.185791
1122 0.0507047 0.722034 0.227261
1187 0.838161 0.0968065 0.0650321
1319 0.310212 0.489305 0.200484
1329 0.683942 0.273172 0.0428868
1271 0.630908 0.316465 0.0526269
1212 0.550776 0.194723 0.254502
1149 0.494777 0.0962051 0.409018
1087 0.241297 0.337436 0.421267
1022 0.0573859 0.197875 0.744739
1023 0.341073 0.572857 0.0860699
897 0.29946 0.113782 0.586758
832 0.288964 0.523878 0.187158
768 0.224709 0.471294 0.303997
32 0.878885 0.0866827 0.0344322
33 0.180426 0.261653 0.557921
33 0.246772 0.588105 0.165124
97 0.138662 0.415813 0.445525
160 0.739973 0.0863159 0.173711
224 0.60809 0.0480752 0.343835
289 0.525459 0.27314 0.201401
352 0.720117 0.161684 0.118198
355 0.446567 0.00433454 0.549099
418 0.32701 0.500818 0.172173
485 0.0826253 0.0395525 0.877822
485 0.71075 0.281816 0.007434
551 0.615421 0.11928 0.265299
618 0.0332665 0.111072 0.855662
690 0.0432346 0.803028 0.153738
632 0.249224 0.465646 0.28513
573 0.147667 0.379983 0.47235
508 0.0621535 0.103157 0.834689
444 0.0402673 0.356304 0.603429
444 0.07627 0.11718 0.80655
446 0.646189 0.24064 0.113171
382 0.530507 0.0937312 0.375762
382 0.482033 0.378956 0.139011
254 0.438994 0.400232 0.160774
127 0.613461 0.346106 0.0404331
126 0.27074 0.217851 0.51141
126 0.239325 0.737198 0.0234768
62 0.163627 0.237248 0.599124
62 0.54719 0.267973 0.184837
799 0.301938 0.217218 0.480844
798 0.183434 0.302281 0.514286
863 0.615494 0.0274306 0.357076
927 0.496442 0.0895363 0.414022
990 0.147455 0.23014 0.622405
1055 0.622697 0.103054 0.274249
1119 0.348026 0.380767 0.271207
1183 0.21442 0.61662 0.16896
1247 0.128453 0.831415 0.0401314
1249 0.0538155 0.113395 0.832789
1312 0.119384 0.56176 0.318855
1382 0.525794 0.441911 0.0322953
1376 0.153843 0.658451 0.187705
1393 0.695739 0.0723986 0.231862
1340 0.347861 0.105232 0.546906
1281 0.130226 0.152425 0.717348
1331 0.318179 0.196498 0.485323
1216 0.530675 0.10156 0.367764
1213 0.794827 0.0624784 0.142695
1152 0.0751226 0.784938 0.139939
1088 0.0497562 0.842241 0.108003
1087 0.542026 0.382635 0.0753386
1024 0.396064 0.139675 0.464262
1025 0.124395 0.772838 0.102767
961 0.534419 0.0987869 0.366794
897 0.0982098 0.584128 0.317662
768 0.109399 0.110476 0.780125
769 0.0723095 0.50469 0.423
32 0.378339 0.242177 0.379484
96 0.318663 0.193906 0.487431
96 0.389118 0.171638 0.439243
97 0.736331 0.175053 0.0886154
161 0.874129 0.0536218 0.0722497
224 0.351792 0.247529 0.400679
288 0.17939 0.0606486 0.759961
357 0.114158 0.200694 0.685148
420 0.493986 0.484545 0.0214689
423 0.0377395 0.837999 0.124262
486 0.0810693 0.215052 0.703878
555 0.15544 0.210815 0.633745
559 0.176952 0.619503 0.203546
563 0.654031 0.218598 0.127371
566 0.181944 0.270157 0.547898
570 0.74504 0.146954 0.108006
506 0.0295091 0.469111 0.50138
444 0.161073 0.821775 0.0171523
445 0.204453 0.291989 0.503558
381 0.444862 0.382629 0.17251
380 0.321503 0.338108 0.340389
316 0.0707233 0.525587 0.40369
191 0.10267 0.751426 0.145904
127 0.317052 0.567437 0.115511
61 0.652881 0.342675 0.00444377
126 0.6632 0.325927 0.0108728
63 0.391407 0.194719 0.413874
63 0.03088 0.0838708 0.885249
798 0.655001 0.262719 0.0822794
798 0.187961 0.698219 0.11382
861 0.340953 0.64436 0.0146871
926 0.365127 0.588784 0.0460895
990 0.0895873 0.780697 0.129716
1054 0.383254 0.592296 0.0244505
1117 0.421071 0.502652 0.0762775
1181 0.29256 0.544373 0.163067
1245 0.142577 0.468526 0.388897
1244 0.0478622 0.786023 0.166114
1370 0.358199 0.502899 0.138902
1402 0.191162 0.296904 0.511933
1395 0.320444 0.205253 0.474304
1220 0.0521533 0.877608 0.070239
1343 0.400557 0.425996 0.173447
1154 0.1702 0.518453 0.311347
1090 0.056095 0.895725 0.0481801
1089 0.055638 0.835087 0.109275
1025 0.300644 0.513691 0.185665
834 0.393922 0.195119 0.410958
963 0.190684 0.399382 0.409933
898 0.658738 0.0520532 0.289209
770 0.246977 0.0100159 0.743007
770 0.863191 0.0757627 0.0610459
32 0.112514 0.460871 0.426615
32 0.0218306 0.148206 0.829963
99 0.104628 0.239875 0.655497
96 0.152261 0.351237 0.496502
96 0.0294239 0.0171054 0.953471
226 0.844327 0.0174685 0.138204
291 0.365799 0.0351177 0.599083
356 0.292165 0.215736 0.492098
359 0.235413 0.568342 0.196245
422 0.110881 0.318806 0.570313
488 0.235022 0.486958 0.27802
493 0.051311 0.807931 0.140758
558 0.268983 0.517002 0.214015
562 0.413877 0.339014 0.247109
566 0.648045 0.337063 0.014892
504 0.439435 0.0525279 0.508037
443 0.373949 0.576582 0.0494694
440 0.0567016 0.0805396 0.862759
442 0.478353 0.224417 0.297229
378 0.139576 0.13844 0.721984
444 0.434692 0.02478 0.540528
253 0.413327 0.44294 0.143733
189 0.554197 0.204844 0.24096
124 0.153678 0.0394425 0.806879
124 0.0895673 0.624163 0.28627
61 0.684353 0.131393 0.184254
60 0.0748394 0.433702 0.491459
60 0.482869 0.457686 0.059445
797 0.419624 0.130876 0.449501
796 0.117751 0.35818 0.524069
861 0.395047 0.131162 0.473791
924 0.292599 0.309853 0.397548
1053 0.0427177 0.4056 0.551682
1053 0.0132778 0.792084 0.194638
1116 0.497349 0.443923 0.0587285
1117 0.506843 0.121419 0.371737
1178 0.00936505 0.622043 0.368592
1240 0.31974 0.152444 0.527816
1299 0.778335 0.12314 0.0985253
1363 0.639587 0.234295 0.126118
1357 0.626676 0.0822254 0.291099
1222 0.177394 0.347088 0.475518
1220 0.158895 0.255616 0.585489
1221 0.301759 0.31803 0.380211
1091 0.857897 0.115991 0.0261126
1026 0.053462 0.246575 0.699963
1027 0.277465 0.250758 0.471777
898 0.106127 0.518812 0.37506
1027 0.34658 0.225207 0.428213
836 0.243613 0.556989 0.199398
772 0.157558 0.587339 0.255103
771 0.0929587 0.193547 0.713495
35 0.00641122 0.0778146 0.915774
35 0.0478672 0.426982 0.525151
35 0.173536 0.718857 0.107606
99 0.333419 0.0189591 0.647622
99 0.467947 0.360146 0.171907
163 0.636125 0.039299 0.324576
293 0.351235 0.430524 0.218242
356 0.847824 0.0469022 0.105274
358 0.0998326 0.346303 0.553864
424 0.40316 0.431165 0.165676
427 0.520828 0.274533 0.204639
492 0.218298 0.494033 0.287669
497 0.112192 0.463812 0.423997
499 0.197636 0.491484 0.31088
500 0.169279 0.405558 0.425162
439 0.918934 0.0635578 0.0175084
440 0.241529 0.192048 0.566423
442 0.681277 0.141855 0.176868
377 0.823251 0.168184 0.00856533
379 0.300223 0.180317 0.51946
315 0.687088 0.178487 0.134426
250 0.106575 0.328522 0.564904
189 0.102526 0.301866 0.595608
125 0.384585 0.415574 0.199841
60 0.358814 0.278572 0.362614
61 0.379458 0.542261 0.0782808
60 0.554017 0.000123416 0.445859
60 0.909011 0.0385027 0.0524867
796 0.592309 0.299757 0.107934
795 0.757769 0.218596 0.0236352
859 0.498298 0.488918 0.0127838
923 0.764643 0.108897 0.12646
924 0.298108 0.448752 0.253141
1051 0.587188 0.139285 0.273526
1115 0.252263 0.12344 0.624297
1112 0.0232049 0.04471 0.932085
1176 0.297775 0.39029 0.311935
1238 0.715738 0.0465279 0.237734
1238 0.293227 0.0752029 0.631571
1229 0.728006 0.204954 0.0670398
1292 0.529651 0.355933 0.114416
1226 0.59696 0.340607 0.0624325
1223 0.792108 0.163699 0.0441926
1158 0.102025 0.0523416 0.845634
1158 0.832041 0.152675 0.0152837
1093 0.384009 0.154301 0.46169
1028 0.734162 0.0839909 0.181847
963 0.076569 0.890745 0.0326859
835 0.630727 0.249654 0.119619
834 0.610729 0.0369061 0.352365
966 0.00676832 0.449088 0.544144
770 0.430015 0.110814 0.459171
771 0.023032 0.494336 0.482632
35 0.664594 0.223758 0.111648
35 0.688848 0.0972272 0.213924
98 0.189196 0.53742 0.273384
98 0.053863 0.255012 0.691125
165 0.129437 0.248899 0.621664
229 0.378828 0.0284705 0.592701
292 0.358813 0.0224135 0.618773
292 0.748345 0.125062 0.126593
363 0.274755 0.479727 0.245517
429 0.126126 0.185898 0.687976
431 0.14355 0.567398 0.289052
433 0.313276 0.58388 0.102843
435 0.50916 0.414835 0.0760052
437 0.6389 0.114962 0.246137
438 0.479068 0.0310304 0.489902
440 0.759896 0.0686361 0.171468
500 0.227967 0.112881 0.659152
376 0.019571 0.850968 0.129461
376 0.254856 0.490868 0.254276
315 0.160287 0.249671 0.590042
250 0.534551 0.317201 0.148249
186 0.359969 0.490147 0.149884
122 0.372624 0.0241117 0.603265
122 0.130113 0.673646 0.196241
58 0.0116268 0.221607 0.766766
61 0.0628864 0.380624 0.55649
58 0.528355 0.445653 0.0259919
795 0.376333 0.107035 0.516632
794 0.205266 0.318523 0.476211
859 0.471011 0.03433 0.494659
922 0.400781 0.176866 0.422354
986 0.132139 0.594368 0.273493
1050 0.507479 0.484425 0.00809607
1113 0.109278 0.503895 0.386826
1112 0.308057 0.545903 0.14604
1175 0.319119 0.163628 0.517253
1175 0.640713 0.124516 0.234771
1233 0.107984 0.807025 0.0849909
1231 0.138492 0.155871 0.705637
1162 0.0946197 0.0606167 0.844764
1161 0.417995 0.306229 0.275776
1095 0.835351 0.00147683 0.163172
1095 0.182784 0.0983857 0.718831
1029 0.593697 0.286122 0.120182
964 0.0611011 0.345449 0.59345
964 0.177984 0.642706 0.17931
900 0.546666 0.401554 0.0517803
836 0.767658 0.224526 0.00781547
771 0.616372 0.34084 0.042788
772 0.905512 0.0663728 0.0281148
37 0.0640794 0.2509 0.68502
37 0.150453 0.544354 0.305193
100 0.69544 0.200581 0.103979
101 0.451272 0.0936804 0.455048
101 0.60936 0.369602 0.0210376
165 0.807194 0.0807418 0.112064
231 0.125515 0.818748 0.0557367
358 0.495302 0.427634 0.077064
362 0.207945 0.412566 0.379489
365 0.627402 0.170858 0.20174
430 0.450536 0.458434 0.0910302
432 0.416462 0.31101 0.272528
434 0.489224 0.183215 0.327561
436 0.598419 0.185414 0.216167
438 0.846794 0.120423 0.0327836
374 0.152819 0.07833 0.768851
500 0.755116 0.181523 0.0633617
374 0.235525 0.35 0.414475
313 0.278101 0.533514 0.188386
248 0.291533 0.0848315 0.623636
184 0.045598 0.393685 0.560717
123 0.160415 0.742075 0.0975095
123 0.300886 0.200955 0.498159
122 0.624587 0.273425 0.101988
59 0.337462 0.378528 0.28401
58 0.477432 0.164328 0.35824
795 0.0334166 0.0978602 0.868723
794 0.614008 0.362259 0.0237322
794 0.259771 0.665807 0.0744226
857 0.514896 0.4353 0.0498039
921 0.447052 0.418384 0.134563
985 0.623051 0.0481927 0.328757
1049 0.351748 0.0737474 0.574504
1047 0.921548 0.0597848 0.018667
1111 0.373874 0.11996 0.506167
1108 0.133952 0.113944 0.752104
1171 0.228531 0.5424 0.229069
1169 0.470754 0.205727 0.323518
1167 0.467625 0.0768983 0.455477
1165 0.290478 0.0551485 0.654373
1098 0.0713705 0.634313 0.294317
1097 0.439067 0.129985 0.430948
1031 0.922526 0.0274427 0.0500314
1031 0.422751 0.156531 0.420718
1030 0.603965 0.281071 0.114965
965 0.61546 0.230493 0.154047
901 0.407669 0.256131 0.3362
837 0.304313 0.274235 0.421453
772 0.349838 0.094401 0.555761
773 0.175638 0.395475 0.428887
36 0.378651 0.375199 0.24615
36 0.298758 0.0927458 0.608496
37 0.809055 0.164811 0.0261347
100 0.0595233 0.539005 0.401471
103 0.114526 0.676614 0.208861
167 0.351419 0.185053 0.463528
230 0.375911 0.156908 0.46718
294 0.0301512 0.550698 0.419151
360 0.549831 0.273819 0.17635
367 0.040461 0.271725 0.687814
366 0.176047 0.24813 0.575823
369 0.68777 0.0171248 0.295105
371 0.483233 0.273406 0.243361
373 0.24826 0.450874 0.300866
372 0.12237 0.280481 0.597149
432 0.08391 0.219979 0.696111
434 0.176737 0.307641 0.515621
374 0.724231 0.161466 0.114303
311 0.570471 0.0536249 0.375904
53 0.495467 0.301083 0.20345
184 0.483864 0.155018 0.361118
121 0.680257 0.0871019 0.232641
120 0.160678 0.466056 0.373266
57 0.93826 0.0190988 0.0426415
56 0.0727173 0.2796 0.647682
56 0.0190879 0.632667 0.348245
793 0.0352327 0.491652 0.473116
793 0.426353 0.0507663 0.522881
792 0.21518 0.327486 0.457335
857 0.384983 0.044534 0.570483
920 0.691716 0.00207343 0.30621
984 0.618331 0.272637 0.109032
1047 0.15626 0.632289 0.211451
1046 0.388404 0.25823 0.353366
1109 0.0178055 0.859321 0.122873
1108 0.622109 0.201202 0.176689
1106 0.322679 0.210434 0.466887
1104 0.187533 0.237082 0.575385
1102 0.177463 0.216932 0.605606
1101 0.692739 0.0309981 0.276263
1099 0.401111 0.464051 0.134838
1099 0.0116575 0.151379 0.836964
1033 0.632171 0.0144304 0.353399
1033 0.200137 0.0186939 0.781169
967 0.432346 0.433533 0.134121
903 0.3628 0.273985 0.363215
1033 0.393993 0.293895 0.312112
838 0.785708 0.0236915 0.190601
904 0.309906 0.252766 0.437328
774 0.777564 0.119228 0.103208
39 0.149244 0.0340867 0.816669
39 0.183537 0.313907 0.502556
102 0.320249 0.604095 0.0756563
102 0.520663 0.243393 0.235944
102 0.345687 0.0228672 0.631446
103 0.835351 0.147113 0.0175369
169 0.114035 0.694669 0.191296
233 0.460899 0.199911 0.33919
296 0.116346 0.415642 0.468012
362 0.601964 0.296999 0.101037
369 0.0565395 0.0440059 0.899455
368 0.275358 0.472187 0.252455
370 0.554191 0.153143 0.292666
373 0.099483 0.163766 0.736751
430 0.0828041 0.82434 0.092856
432 0.26124 0.688095 0.0506644
309 0.391022 0.412217 0.196761
308 0.177275 0.614775 0.20795
247 0.246309 0.213897 0.539794
183 0.617546 0.0632647 0.319189
119 0.875431 0.0575009 0.0670677
121 0.176402 0.42985 0.393748
120 0.650755 0.0973877 0.251857
57 0.329143 0.52793 0.142927
57 0.410988 0.159147 0.429865
56 0.514206 0.226649 0.259145
791 0.06485 0.912938 0.0222119
791 0.402382 0.577628 0.0199897
791 0.777649 0.0705347 0.151817
855 0.271602 0.562395 0.166003
919 0.0413694 0.654344 0.304286
918 0.139505 0.3783 0.482196
982 0.206916 0.583215 0.20987
1045 0.268144 0.548919 0.182937
1044 0.358743 0.306201 0.335056
1042 0.110881 0.0805212 0.808597
1107 0.075144 0.0433783 0.881478
1105 0.184716 0.218725 0.596559
1103 0.205192 0.485051 0.309757
1101 0.0734894 0.88834 0.0381701
1036 0.12396 0.605138 0.270902
1035 0.634545 0.0806775 0.284778
1034 0.689156 0.0660448 0.244799
968 0.152399 0.0518788 0.795722
904 0.079648 0.451776 0.468575
905 0.0765531 0.173434 0.750013
840 0.755899 0.147162 0.0969394
775 0.720073 0.270667 0.00926044
775 0.653003 0.096153 0.250844
775 0.28133 0.424902 0.293768
38 0.250276 0.638985 0.11074
38 0.192713 0.380039 0.427249
38 0.0949312 0.160549 0.74452
105 0.0315917 0.0279815 0.940427
105 0.189919 0.209324 0.600758
105 0.397416 0.341542 0.261041
168 0.368561 0.462102 0.169337
168 0.0755191 0.0382621 0.886219
235 0.319387 0.228183 0.45243
298 0.241291 0.545284 0.213425
301 0.274501 0.451154 0.274344
301 0.823696 0.141205 0.0350983
306 0.558129 0.0847124 0.357159
369 0.0194332 0.172658 0.807909
307 0.0686624 0.640213 0.291125
306 0.424318 0.233716 0.341966
245 0.0584275 0.759137 0.182435
244 0.549636 0.135721 0.314643
180 0.178501 0.148156 0.673343
182 0.854944 0.0448329 0.100223
119 0.392145 0.319751 0.288104
118 0.386571 0.219764 0.393665
118 0.183749 0.696255 0.119996
55 0.784973 0.0634094 0.151617
54 0.073654 0.409072 0.517274
54 0.0226411 0.749821 0.227538
791 0.0956799 0.32659 0.57773
790 0.591583 0.0451022 0.363315
790 0.304386 0.353682 0.341932
855 0.0476174 0.213084 0.739299
854 0.278364 0.606484 0.115152
917 0.431241 0.474299 0.0944595
981 0.136347 0.470485 0.393169
980 0.21238 0.510572 0.277048
1043 0.133187 0.755941 0.110871
1043 0.398965 0.0111386 0.589896
1041 0.554172 0.365312 0.0805166
1040 0.401204 0.271484 0.327311
1039 0.583054 0.187814 0.229132
1038 0.450718 0.345822 0.20346
1037 0.391107 0.278879 0.330015
1037 0.193282 0.0095937 0.797125
970 0.180979 0.07752 0.741501
971 0.220616 0.177869 0.601515
906 0.547265 0.337672 0.115064
841 0.685248 0.194553 0.120199
776 0.0230995 0.271355 0.705546
840 0.301214 0.231727 0.467059
777 0.348893 0.221661 0.429446
40 0.424322 0.570134 0.00554442
40 0.163935 0.327439 0.508626
40 0.0690484 0.170893 0.760059
40 0.223019 0.00465298 0.772328
107 0.254157 0.0154871 0.730356
107 0.108651 0.205381 0.685968
107 0.718876 0.0709737 0.210151
170 0.0123196 0.926323 0.0613573
173 0.35444 0.0748614 0.570698
173 0.73022 0.0469443 0.222836
238 0.85589 0.0759484 0.0681618
115 0.156982 0.597177 0.245841
241 0.0163109 0.275446 0.708243
240 0.549097 0.270914 0.179988
240 0.129874 0.821121 0.0490053
240 0.125132 0.426186 0.448682
242 0.684618 0.0854969 0.229885
179 0.707026 0.0984036 0.194571
181 0.0919202 0.354307 0.553773
117 0.394675 0.5442 0.0611245
117 0.660682 0.0543755 0.284943
116 0.109931 0.439758 0.450311
119 0.0840939 0.0940557 0.82185
55 0.227084 0.665497 0.107419
55 0.291075 0.358866 0.350058
55 0.355407 0.0620175 0.582575
54 0.580377 0.250769 0.168854
789 0.0993409 0.692765 0.207894
789 0.347437 0.4247 0.227863
789 0.627602 0.0801715 0.292226
788 0.130404 0.228688 0.640909
853 0.287943 0.204225 0.507832
852 0.158094 0.522758 0.319148
916 0.614475 0.303338 0.0821868
914 0.12067 0.0973937 0.781936
979 0.344862 0.110449 0.544689
978 0.304677 0.607103 0.08822
976 0.108555 0.219597 0.671847
1041 0.00985595 0.231585 0.758559
1039 0.0121101 0.782275 0.205615
974 0.10071 0.516075 0.383215
973 0.697325 0.261215 0.0414601
973 0.289649 0.306186 0.404165
908 0.14516 0.602045 0.252795
907 0.43134 0.523339 0.045321
842 0.164132 0.120581 0.715287
843 0.299562 0.222333 0.478105
909 0.355439 0.0302931 0.614267
778 0.416231 0.275058 0.308711
779 0.0474016 0.284166 0.668432
781 0.720974 0.202723 0.076303
42 0.575879 0.0325559 0.391566
43 0.551791 0.0572638 0.390945
43 0.653499 0.147518 0.198982
43 0.776199 0.207053 0.0167477
106 0.0491444 0.7538 0.197056
47 0.232519 0.569701 0.19778
109 0.443829 0.130583 0.425587
109 0.71426 0.018344 0.267396
108 0.00895704 0.127305 0.863738
111 0.329598 0.64944 0.0209617
174 0.332842 0.565632 0.101527
177 0.013104 0.0857268 0.901169
115 0.426143 0.0800934 0.493764
113 0.700001 0.277107 0.0228917
115 0.024987 0.852146 0.122867
179 0.0698864 0.0656724 0.864441
115 0.384286 0.507727 0.107988
115 0.684551 0.0692989 0.24615
114 0.0572682 0.358124 0.584607
117 0.182837 0.203038 0.614125
116 0.608552 0.227758 0.16369
53 0.558489 0.387476 0.0540354
53 0.671689 0.0677052 0.260606
52 0.247527 0.196434 0.556039
52 0.193428 0.462816 0.343756
52 0.176623 0.686173 0.137204
789 0.0881865 0.086171 0.825642
788 0.707994 0.155254 0.136752
788 0.502316 0.415657 0.0820273
787 0.705168 0.282955 0.0118766
786 0.0903332 0.0308832 0.878784
851 0.194038 0.538784 0.267178
850 0.433297 0.0171592 0.549543
850 0.11697 0.565647 0.317383
914 0.768967 0.159082 0.0719515
913 0.464341 0.325222 0.210437
912 0.402477 0.0970069 0.500516
912 0.305 0.507676 0.187324
911 0.688069 0.174488 0.137443
910 0.412278 0.0110307 0.576691
910 0.565647 0.152928 0.281426
909 0.210906 0.775116 0.0139781
844 0.141129 0.118274 0.740597
844 0.463907 0.0101599 0.525933
780 0.395178 0.263354 0.341468
780 0.106349 0.702145 0.191505
780 0.510877 0.403861 0.0852618
780 0.723488 0.273716 0.00279574
779 0.0738564 0.883277 0.0428669
42 0.0356438 0.853678 0.110678
45 0.0541373 0.225166 0.720697
783 0.405814 0.447232 0.146954
45 0.258243 0.335825 0.405932
45 0.361248 0.374357 0.264395
45 0.4899 0.383223 0.126877
108 0.35254 0.6452 0.00225957
108 0.162832 0.703988 0.13318
111 0.0530528 0.194131 0.752817
111 0.297372 0.042561 0.660067
110 0.464112 0.127729 0.408159
110 0.208255 0.328249 0.463496
113 0.0444329 0.444586 0.510982
113 0.303104 0.166304 0.530592
112 0.447135 0.117202 0.435663
112 0.196742 0.414889 0.388369
115 0.0270404 0.278516 0.694444
114 0.762737 0.0302073 0.207055
114 0.56813 0.348912 0.0829578
51 0.604128 0.345639 0.050233
51 0.74549 0.0846143 0.169895
51 0.861534 0.0111408 0.127325
50 0.00737992 0.263524 0.729096
53 0.0621053 0.516437 0.421458
53 0.11079 0.302934 0.586276
53 0.15119 0.102201 0.746608
52 0.829833 0.0790186 0.0911483
787 0.0463022 0.418597 0.535101
787 0.183967 0.22798 0.588053
786 0.580283 0.18016 0.239557
786 0.517603 0.134268 0.348129
786 0.365602 0.369515 0.264883
786 0.235901 0.59904 0.165059
786 0.110907 0.852118 0.0369751
784 0.0141036 0.108805 0.877091
849 0.152212 0.558453 0.289335
849 0.27782 0.257837 0.464343
848 0.628793 0.0287782 0.342429
848 0.595116 0.267229 0.137655
847 0.166593 0.618546 0.214861
847 0.289856 0.460478 0.249666
847 0.174538 0.387073 0.438389
847 0.249872 0.0677902 0.682338
782 0.058375 0.707076 0.234549
782 0.28483 0.662632 0.052538
781 0.599946 0.348092 0.0519617
781 0.465164 0.390152 0.144684
781 0.326155 0.450956 0.22289
781 0.189557 0.528669 0.281774
781 0.0507772 0.643086 0.306137
44 0.306326 0.624279 0.069395
44 0.264411 0.56019 0.175399
44 0.205919 0.512465 0.281616
44 0.131502 0.48197 0.386529
44 0.0449646 0.467337 0.487699
47 0.052968 0.524678 0.422354
48 0.750126 0.0377526 0.212121
47 0.28086 0.454846 0.264294
47 0.410891 0.389267 0.199842
47 0.554418 0.29917 0.146412
47 0.718141 0.182863 0.0989958
47 0.880446 0.0519411 0.0676125
49 0.0523484 0.894914 0.052738
49 0.219003 0.725123 0.0558743
49 0.391461 0.544516 0.0640224
49 0.555077 0.353403 0.09152
49 0.724116 0.143361 0.132523
48 0.112614 0.0723077 0.815078
51 0.0282362 0.717762 0.254002
51 0.150999 0.521905 0.327096
51 0.254686 0.33259 0.412725
51 0.312977 0.310008 0.377015
50 0.588084 0.0102801 0.401636
50 0.545286 0.15396 0.300754
50 0.541521 0.264207 0.194272
50 0.563661 0.349189 0.0871508
787 0.0275887 0.37721 0.595201
785 0.0238036 0.720212 0.255985
785 0.0631521 0.648163 0.288685
785 0.199165 0.446073 0.354763
785 0.312291 0.301603 0.386105
785 0.379081 0.200935 0.419984
785 0.440352 0.0884291 0.471218
784 0.509202 0.0221197 0.468678
784 0.469404 0.134916 0.39568
784 0.443048 0.23708 0.319872
784 0.426924 0.332674 0.240402
784 0.420151 0.420588 0.15926
784 0.417925 0.50799 0.0740843
783 0.577723 0.401395 0.0208823
783 0.56316 0.326506 0.110334
783 0.530195 0.26952 0.200285
783 0.489361 0.22589 0.284749
783 0.441103 0.195709 0.363188
783 0.387002 0.179164 0.433834
783 0.328152 0.17659 0.495258
783 0.265025 0.17891 0.556065
783 0.196921 0.196163 0.606916
783 0.124209 0.229528 0.646263
783 0.0494261 0.282901 0.667673
46 0.669645 0.306973 0.0233816
46 0.650844 0.263297 0.0858593
46 0.611636 0.240071 0.148293
46 0.568763 0.224128 0.207109
46 0.514033 0.221306 0.264661
46 0.447472 0.232408 0.320119
46 0.377905 0.252507 0.369589
46 0.309011 0.279909 0.411081
46 0.232818 0.320289 0.446893
46 0.149893 0.373842 0.476266
46 0.0636329 0.436485 0.499882
49 0.0319041 0.486233 0.481863
49 0.123954 0.4039 0.472146
49 0.218531 0.314166 0.467303
49 0.315836 0.215582 0.468582
49 0.413542 0.109155 0.477303
49 0.504734 0.000892727 0.494373
48 0.413019 0.108471 0.47851
48 0.341479 0.214066 0.444454
48 0.278005 0.32039 0.401605
48 0.225061 0.42379 0.351149
48 0.188465 0.514077 0.297459
48 0.168376 0.590439 0.241185
48 0.165024 0.65126 0.183715
48 0.176115 0.697588 0.126298
48 0.200749 0.727476 0.0717749
48 0.225827 0.751165 0.0230081
786 0.508651 0.362053 0.129297
