4115 0.311094 0.369393 0.319513
4532 0.153928 0.00833781 0.837734
3465 0.669501 0.0385635 0.291935
187 0.645203 0.304853 0.0499437
1414 0.20066 0.630609 0.168731
545 0.586789 0.0945518 0.318659
1269 0.564626 0.384168 0.0512056
1872 0.337513 0.527539 0.134947
4365 0.106441 0.062348 0.831211
578 0.332804 0.100929 0.566267
914 0.530415 0.118442 0.351144
28 0.026404 0.304509 0.669087
624 0.24993 0.362797 0.387274
3408 0.331824 0.0107404 0.657436
3571 0.114264 0.196133 0.689604
465 0.0150723 0.14239 0.842538
2479 0.306336 0.207141 0.486523
1100 0 0.5 0.5
2931 0.0875452 0.542288 0.370167
2932 0.135585 0.278982 0.585432
1181 0.144587 0.0759286 0.779485
784 0.279661 0.555398 0.164941
1102 0.0296981 0.486819 0.483482
785 0.11538 0.408885 0.475736
957 0.00508542 0.987294 0.00762025
1817 0.415895 0.0779849 0.50612
2145 0.379512 0.218609 0.401879
1247 0.220085 0.402238 0.377678
463 0.190289 0.238055 0.571656
454 0.19071 0.444837 0.364453
4147 0.585982 0.140698 0.273319
3053 0.082191 0.0391224 0.878687
2432 0.247982 0.168915 0.583103
3582 0.336568 0.208073 0.45536
1261 0.569204 0.385808 0.0449881
86 0.212338 0.761165 0.0264978
2507 0.26891 0.169028 0.562062
2508 0.324995 0.196068 0.478937
506 0.10651 0.474635 0.418855
3130 0.0783781 0.0396772 0.881945
1543 0.552891 0.12787 0.319239
481 0.117588 0.0895293 0.792883
1110 0.556066 0.207154 0.23678
47 0.0296403 0.103728 0.866632
997 0.166302 0.611525 0.222173
623 0.940991 0.0308738 0.0281351
3374 0.144781 0.0101265 0.845093
3188 0.310907 0.166873 0.522221
2840 0.124495 0.825082 0.0504233
436 0.181555 0.491967 0.326478
301 0.091743 0.089139 0.819118
3416 0.102376 0.228856 0.668769
1866 0 1 0
3790 0.190102 0.510577 0.299321
2290 0.0634116 0.666703 0.269885
2290 0.8236 0.0862671 0.090133
732 0.149785 0.753714 0.0965005
1804 0.5 0.5 0
2051 0.395586 0.466953 0.137461
2398 0.605084 0.281467 0.113449
2154 0.0781779 0.534811 0.387011
505 0.308451 0.109155 0.582394
2153 0.554687 0.131687 0.313626
424 0.568549 0.15228 0.27917
2391 0.327174 0.664835 0.00799068
2215 0.0631779 0.372303 0.564519
2976 0.181187 0.685788 0.133025
2375 0.00872129 0.812871 0.178408
3331 0.295253 0.179503 0.525244
647 0.684711 0.169183 0.146107
1957 0.0560859 0.501007 0.442908
582 0.892099 0.0582503 0.0496504
451 0.213343 0.76979 0.0168667
3172 0.28323 0.162561 0.554209
2417 0.254128 0.34791 0.397962
2471 0.0373391 0.484347 0.478314
3470 0 0.5 0.5
475 0.167732 0.461003 0.371265
167 0.747589 0.233914 0.0184966
357 0.732629 0.110423 0.156947
3844 0.350373 0.0464205 0.603206
3769 0.53574 0.326241 0.138019
3770 0.364142 0.406847 0.229012
769 0.311093 0.448777 0.24013
182 0.0593062 0.242875 0.697818
415 0.0323629 0.750707 0.21693
4000 0.184659 0.475365 0.339977
3579 0.760734 0.163635 0.075631
2836 0.132935 0.485726 0.381339
4411 0.5 0 0.5
2115 0.0536702 0.330591 0.615738
604 0.181575 0.050851 0.767574
52 0.173912 0.685291 0.140796
4479 0 0 1
1276 0.694091 0.0856748 0.220234
782 0.234985 0.572124 0.192891
2274 0.0237575 0.832517 0.143725
941 0.319699 0.513534 0.166767
940 0.134203 0.351569 0.514228
1858 0.0846963 0.316973 0.59833
1858 0.894494 0.0783727 0.0271332
418 0.366006 0.42768 0.206314
3320 0.62884 0.164714 0.206446
1921 0.0142112 0.159366 0.826423
4518 0 0.5 0.5
1767 0.0583496 0.0232912 0.918359
3521 0.467995 0.184198 0.347808
4560 0.0508794 0.022557 0.926564
230 0.456301 0.0862231 0.457476
921 0.101537 0.0392708 0.859192
177 0.421844 0.466929 0.111227
3529 0.0526922 0.180736 0.766572
3717 0.527129 0.13231 0.340562
1536 0.334551 0.0658429 0.599606
192 0.576317 0.097127 0.326556
2347 0.381878 0.543193 0.0749289
3882 0.5 0.5 0
3043 0.43817 0.191569 0.370261
4136 0.122576 0.0528109 0.824613
2093 0.602316 0.0976226 0.300061
298 0.0517702 0.775165 0.173065
2396 0.495444 0.0152373 0.489318
213 0.164726 0.578584 0.256689
865 0.232108 0.588523 0.179369
1085 0.482954 0.416823 0.100223
1600 1 0 0
1357 0.197477 0.155862 0.64666
1299 0.616143 0.0502015 0.333656
3538 0 0.5 0.5
272 0.410574 0.450464 0.138962
882 0.0696202 0.356647 0.573733
2848 0.747595 0.101057 0.151348
3218 0.111685 0.656506 0.231809
170 1.82327e-15 1 4.35262e-15
170 0.684745 0.297942 0.0173123
1145 0.247371 0.512298 0.240331
3677 0.395704 0.120717 0.483579
118 0.112605 0.836101 0.0512938
1513 0.438385 0.181496 0.380119
385 0.0724217 0.812675 0.114903
1867 0.20635 0.791863 0.00178747
1834 0.840774 0.0586919 0.100534
851 0.464945 0.33346 0.201594
242 0.0595226 0.860562 0.0799157
1637 0.746958 0.136013 0.117029
2765 0.0416736 0.288528 0.669798
1848 0.163619 0.809054 0.0273273
1888 0.452905 0.475978 0.0711169
300 0.641523 0.130625 0.227852
918 0.680491 0.0782669 0.241242
2877 0.0371407 0.169553 0.793306
134 0.145457 0.221493 0.63305
3002 0.296265 0.497635 0.2061
3209 0.56936 0.219017 0.211623
4013 0.0546604 0.680405 0.264934
205 0.307861 0.340334 0.351805
4073 0.357427 0.243572 0.399001
4222 0.114708 0.0384584 0.846833
3025 0.435071 0.501252 0.0636769
4557 0.288301 0.214422 0.497277
3025 0.0506738 0.590308 0.359018
4056 0.750407 0.118952 0.130641
849 0.668596 0.139866 0.191537
2567 0.210712 0.590433 0.198855
2521 0.000707026 0.295813 0.70348
2521 0.301569 0.439142 0.259289
1397 0.192255 0.466811 0.340934
1416 0.339668 0.656072 0.00426059
368 0.141345 0.484951 0.373703
1900 0.107148 0.153572 0.73928
2685 0.196014 0.600488 0.203498
4520 0.0964618 0.1769 0.726638
2685 0.798549 0.134942 0.0665099
1008 0.492038 0.192212 0.31575
4176 0.0634984 0.602575 0.333926
2193 0.0657758 0.536632 0.397593
3281 0.65671 0.149854 0.193436
524 0.149417 0.574759 0.275824
2279 0.173406 0.499567 0.327027
589 0.0887662 0.0835203 0.827714
3603 0.712754 0.143922 0.143324
3618 0.169312 0.712824 0.117864
529 0.455009 0.525093 0.019898
1635 0.865213 0.104333 0.0304538
3626 0.609099 0.292758 0.0981426
2251 0.0369168 0.496014 0.46707
980 0.316176 0.120221 0.563604
1432 0.477715 0.16192 0.360365
3009 0.158166 0.117484 0.72435
3217 0.457538 0.469117 0.0733453
3218 0.174315 0.145785 0.6799
3218 0.5418 0.0745272 0.383673
3474 0.431074 0.136646 0.43228
1592 0.213903 0.378808 0.407289
1905 0.655116 0.0601891 0.284695
345 0.00697432 0.877763 0.115262
2819 0.246793 0.706823 0.0463838
3416 0.736653 0.18016 0.0831863
3416 0.5 0.5 0
3416 0.549539 0.327545 0.122916
3025 0.283076 0.176634 0.540291
3530 0.388331 0.1516 0.460069
3025 0.593637 0.0708914 0.335471
1155 0.629433 0.280616 0.0899515
429 0.00395609 0.686583 0.309461
3848 0.293003 0.125599 0.581399
999 0.548451 0.367418 0.0841307
1482 0.116442 0.757937 0.125621
916 0.0345005 0.437151 0.528349
2681 0.0884701 0.365615 0.545915
2136 0.541193 0.309777 0.149029
2598 0.758943 0.109252 0.131805
2101 0.0200172 0.138345 0.841638
3545 0.482416 0.106115 0.411469
802 0.271894 0.0831961 0.64491
3738 0.20822 0.51672 0.27506
3615 0.382989 0.415352 0.201659
1419 0.547276 0.293186 0.159538
2722 0.451931 0.523604 0.0244651
553 0.0508708 0.935475 0.0136541
3416 0.5 0.5 0
1757 0.269276 0.405439 0.325286
934 0.413222 0.115832 0.470946
3155 0.181131 0.534887 0.283982
819 0.233003 0.660593 0.106404
1587 0.0996536 0.0207364 0.87961
2547 0.802205 0.0160628 0.181732
420 0.201145 0.124839 0.674016
3645 0.146592 0.150675 0.702733
3645 0.161936 0.703436 0.134628
1707 0.0159126 0.156735 0.827353
2921 0.420928 0.509018 0.070054
1628 0.782908 0.0627746 0.154317
126 0.0546463 0.352323 0.593031
2673 0.444668 0.487812 0.0675196
1188 0.646582 0.318668 0.0347506
2787 0.281617 0.47723 0.241153
815 0.386526 0.492872 0.120602
3567 0.323724 0.610431 0.0658445
590 0.167487 0.313894 0.518619
590 0.610168 0.31124 0.0785917
1623 0.147051 0.425075 0.427874
435 0.522874 0.0713255 0.4058
2628 0.000464706 0.157963 0.841572
2001 0.476524 0.145326 0.37815
4220 0.0669147 0.388819 0.544266
3524 0.0405922 0.8437 0.115708
4109 0.89803 0.0759214 0.0260489
588 0.535489 0.212182 0.252329
4327 0.12152 0.650458 0.228023
2370 0.451144 0.481358 0.0674983
1850 0.606231 0.247534 0.146235
169 0.347176 0.151061 0.501763
3883 0.227963 0.494466 0.277571
331 0.461936 0.332945 0.205119
395 0.533294 0.13446 0.332246
585 0.0910362 0.721611 0.187353
2027 0.741884 0.111203 0.146912
206 0.315561 0.557028 0.12741
4465 0.126477 0.476361 0.397162
4 0.548232 0.293566 0.158201
2361 0.91622 0.0763856 0.00739432
1227 0.025317 0.942155 0.0325278
1946 0.317734 0.0618591 0.620407
672 0.06884 0.765124 0.166036
2142 0.0373948 0.863073 0.0995318
2816 0.62403 0.262261 0.113708
2159 0.598351 0.0883472 0.313302
194 0.386524 0.422849 0.190627
417 0.107515 0.594185 0.2983
75 0.289866 0.275516 0.434618
349 0.191181 0.2203 0.588519
3259 0.411418 0.0507005 0.537881
1447 0.112827 0.528583 0.35859
2279 0.454273 0.142145 0.403582
1447 0.556736 0.425935 0.0173288
1215 0.841974 0.0196339 0.138392
1246 0.141878 0.342602 0.515521
1952 0.215529 0.116732 0.667739
1013 0.864621 0.119034 0.0163443
3864 0.296935 0.170233 0.532832
2750 0.511025 0.323933 0.165042
964 0.737067 0.178321 0.0846113
2209 0.846333 0.101717 0.0519501
1978 0.706957 0.233662 0.0593817
655 0.144633 0.0753339 0.780033
73 0.225946 0.342384 0.431671
1028 0.0510932 0.688546 0.260361
3758 0.245742 0.322614 0.431643
3129 0.310051 0.243169 0.44678
1636 0.117446 0.351424 0.53113
3989 0.0585493 0.0850017 0.856449
2968 0.593152 0.0706793 0.336169
3333 0.0158711 0.682796 0.301333
2266 0.645926 0.323307 0.0307668
251 0.386084 0.507493 0.106423
1144 0.0996843 0.128516 0.7718
2562 0.135565 0.734585 0.12985
176 0.338369 0.0937244 0.567906
1330 0.504385 0.336323 0.159292
1289 0.598355 0.0093477 0.392297
460 0.5 0 0.5
1737 0.732345 0.0355623 0.232092
864 0.268886 0.556294 0.17482
2552 0.467683 0.484175 0.0481422
3357 0.0830766 0.0258696 0.891054
4526 0.195636 0.270049 0.534315
2088 0.00304673 0.986711 0.0102426
891 0.104296 0.840129 0.055575
1617 0.13492 0.503759 0.361321
1509 0.895885 0.0970581 0.0070565
4492 0.261908 0.0390406 0.699051
3573 0.290319 0.664548 0.0451333
1841 0.532564 0.0450482 0.422387
1568 0.861338 0.138385 0.000277301
413 0.311397 0.158397 0.530206
1671 0.5 0 0.5
3529 0 0.5 0.5
3529 0.128188 0.516602 0.35521
3416 0.5 0 0.5
177 0.631079 0.361786 0.00713456
177 0.564863 0.136233 0.298905
177 0.637672 0.164939 0.197389
1342 0.811562 0.0337659 0.154672
91 0.568172 0.224701 0.207126
132 0.120785 0.0356441 0.843571
4388 0.5 0 0.5
3142 0.075167 0.0425214 0.882312
2389 0 0 1
1152 0.426199 0.549172 0.0246296
1454 0.25504 0.07735 0.66761
2641 0.327545 0.37895 0.293505
4006 0.412259 0.0396935 0.548047
1226 0.673124 0.277814 0.0490616
160 0.728679 0.263383 0.00793774
638 0.22575 0.111841 0.662409
2414 0.555077 0.203662 0.24126
302 0.0443052 0.895901 0.059794
490 0.391583 0.185849 0.422568
458 0.113547 0.323464 0.562988
2118 0.500738 0.00814108 0.491121
1740 0.102989 0.144078 0.752933
954 0.225639 0.0515942 0.722767
4096 0.361201 0.0270451 0.611754
1469 0.303958 0.489094 0.206947
4029 0.632444 0.0238542 0.343702
3199 0.870533 0.00491989 0.124547
1514 0.332701 0.437609 0.22969
4409 0.372252 0.422199 0.205549
2032 0.117536 0.19416 0.688304
3583 0.284895 0.475072 0.240034
106 0.624807 0.195824 0.179369
3661 0.1919 0.067071 0.741029
1903 0.759746 0.086874 0.15338
180 0.125152 0.153647 0.7212
1903 0.380829 0.548883 0.0702879
3293 0.193086 0.234527 0.572386
646 0.717908 0.24104 0.0410525
55 0.465026 0.0470662 0.487908
1202 0.00966716 0.926018 0.0643146
167 0.0679536 0.135113 0.796933
130 0.245678 0.711001 0.0433205
4527 0.253575 0.305008 0.441417
4527 0.737137 0.0999521 0.162911
177 0.0827907 0.368095 0.549115
177 0.111473 0.670163 0.218364
3209 0.0832338 0.701646 0.21512
2142 0.466632 0.218041 0.315326
1573 0.317019 0.599884 0.0830974
2176 0.668619 0.0260376 0.305343
189 0.5 0 0.5
1541 0.0769539 0.461129 0.461917
4117 0.135024 0.340864 0.524112
769 0.238382 0.0775716 0.684047
743 0.385151 0.469702 0.145147
272 0.436185 0.152363 0.411452
1876 0.395094 0.547575 0.0573314
511 0.167401 0.548511 0.284088
2306 0.451373 0.0586702 0.489957
699 0.824399 0.0414222 0.134178
3939 0.307751 0.167057 0.525192
693 0.165693 0.297896 0.536412
2799 0.728649 0.19723 0.0741209
2201 0.536359 0.339915 0.123726
1402 0.0208286 0.349557 0.629615
3338 0.0394196 0.830626 0.129954
352 0.0452764 0.837707 0.117016
3330 0.53383 0.38934 0.0768301
2544 0.802234 0.167026 0.0307406
4428 0.158666 0.352872 0.488462
2992 0.560986 0.178625 0.26039
109 0.22866 0.250779 0.520561
1833 0.649918 0.0147797 0.335302
823 0.16622 0.664709 0.16907
2889 0.194069 0.227472 0.578458
1879 0.384928 0.183701 0.431371
1825 0.0300051 0.166355 0.80364
592 0.5 0 0.5
1693 0.881909 0.0727941 0.0452966
0 0.479802 0.404933 0.115264
130 0.5 0 0.5
4527 0 0.5 0.5
0 0.181985 0.514991 0.303024
764 0.0816788 0.849654 0.0686668
1562 0.424293 0.148342 0.427365
2046 0.333685 0.170678 0.495637
3183 0.562716 0.0930839 0.3442
3735 0.117273 0.32013 0.562597
1235 0.211121 0.367665 0.421214
2245 0.194749 0.32588 0.479371
3730 0.207198 0.0222995 0.770503
1605 0.184174 0.782396 0.03343
805 0.275005 0.472721 0.252274
267 0.417883 0.368506 0.21361
3396 0.105552 0.823281 0.0711671
405 0.206861 0.219555 0.573584
1138 0.129781 0.753303 0.116917
433 0.67329 0.161567 0.165143
1595 0.5 0 0.5
4152 0.205727 0.301379 0.492894
2411 0.602904 0.340282 0.0568141
761 0.383568 0.332646 0.283786
3555 0.700243 0.00592137 0.293836
280 0.176532 0.261846 0.561622
644 0.079445 0.606888 0.313667
1421 0.277646 0.120095 0.602259
437 0.114776 0.660792 0.224433
682 0.759984 0.212932 0.0270839
3119 0.644672 0.291572 0.0637557
4033 0.0360363 0.181153 0.78281
714 0.5 0 0.5
820 0.100973 0.241025 0.658002
4562 0.319869 0.59934 0.0807906
4562 0.314679 0.0645812 0.62074
2904 0.817718 0.00220208 0.18008
1996 0.741235 0.0684338 0.190331
1856 0.198385 0.772186 0.0294289
1532 0.294398 0.563643 0.141959
3913 0.371764 0.616803 0.011433
1379 0.375487 0.15557 0.468942
2857 0.412664 0.470429 0.116907
1533 0.2324 0.669872 0.0977284
623 0.192752 0.354752 0.452497
316 0.360832 0.253467 0.385702
1280 0.589049 0.113754 0.297197
1774 0.575165 0.332582 0.0922525
4522 0.280979 0.291994 0.427028
42 0.214701 0.224707 0.560592
441 0.613364 0.275956 0.11068
2897 0.423863 0.388863 0.187273
1779 0.492161 0.285972 0.221867
1287 0.327288 0.592017 0.0806947
2841 0.426826 0.105712 0.467462
3788 0.122003 0.260693 0.617304
2757 0.606126 0.0280693 0.365804
886 0.262494 0.172886 0.56462
2724 0.889705 0.0845666 0.0257289
1610 0.354797 0.505959 0.139244
2715 0.682851 0.258732 0.0584174
3261 0.0119396 0.737611 0.250449
310 0.244344 0.0642735 0.691383
1947 0.0433261 0.466802 0.489872
729 0.660379 0.12619 0.21343
952 0.234623 0.64921 0.116167
1992 0.359716 0.422248 0.218035
3471 0.679898 0.070423 0.249679
2735 0.113773 0.863974 0.0222534
276 0.102521 0.804241 0.0932376
1986 0.53558 0.0732094 0.391211
4105 0.823777 0.161932 0.0142909
713 0.0279245 0.902418 0.0696579
482 0.587566 0.187431 0.225004
811 0.242936 0.286424 0.47064
378 0.0457328 0.946799 0.00746852
4302 0.0244508 0.745922 0.229627
774 0.128176 0.830393 0.0414308
3585 0.0663101 0.180125 0.753565
1317 0.0984834 0.771249 0.130267
3431 0.0833842 0.910934 0.00568185
177 0.5 0 0.5
3529 0.721901 0.0508703 0.227228
3529 0.569929 0.178385 0.251686
3529 0.649662 0.327236 0.0231024
3372 0.76708 0.16962 0.0633005
4423 0.413398 0.545677 0.0409252
282 0.245482 0.0969128 0.657605
924 0.179364 0.140603 0.680034
3078 0.728883 0.204976 0.0661412
812 0.612065 0.179832 0.208104
2393 0.818895 0.135446 0.0456587
1762 0.533763 0.0544017 0.411835
1761 0.541055 0.423416 0.0355285
4504 0.121786 0.850276 0.0279379
2261 0.352303 0.529677 0.118019
4506 0 0 1
3201 0.0260287 0.419134 0.554837
1853 0.227835 0.201644 0.570521
1581 0.100446 0.471817 0.427737
1586 0.218778 0.638184 0.143038
221 0.133882 0.322005 0.544113
4245 0.107869 0.349639 0.542493
1424 0.0636845 0.540301 0.396015
43 0.289424 0.0559128 0.654663
3243 0.427185 0.512001 0.0608138
1565 0.169592 0.538128 0.292281
3244 0.879728 0.107832 0.01244
3714 0.500798 0.179219 0.319984
2745 0.279342 0.715878 0.00477948
956 0.508831 0.221778 0.269391
1306 0.182485 0.358124 0.459392
423 0.312478 0.0464149 0.641107
2308 0.312583 0.399988 0.287429
742 0.174034 0.66666 0.159306
2089 0.234056 0.723627 0.0423171
4235 0.135509 0.772327 0.0921643
4236 0.406038 0.332486 0.261476
4236 0.181942 0.0412543 0.776804
172 0.0482082 0.3276 0.624191
426 0.0620499 0.751023 0.186927
3351 0.403881 0.223248 0.372872
2191 0.422285 0.117518 0.460197
4141 0.165571 0.768972 0.0654575
3315 0.0203482 0.0624362 0.917216
3858 0.533201 0.400207 0.0665926
1857 0.0299792 0.928555 0.0414661
3972 0.759392 0.139071 0.101536
0 0.373578 0.149806 0.476616
0 0.5 0 0.5
130 0.494554 0.0557153 0.44973
2793 0.0952245 0.0391646 0.865611
26 0.630371 0.249708 0.119921
1129 0.752457 0.013419 0.234124
2848 0.445857 0.0136642 0.540479
1530 0.56421 0.0787942 0.356996
3158 0.408348 0.262927 0.328724
1216 0.320552 0.514303 0.165144
2016 0.768793 0.189823 0.0413848
2156 0.428298 0.52106 0.0506427
2155 0.579845 0.144476 0.275679
3495 0.638336 0.0916328 0.270031
2604 0.151901 0.100651 0.747448
2483 0.0491321 0.857549 0.0933192
862 0.32407 0.00128901 0.674641
1427 0.0300124 0.962823 0.00716425
1059 0.0152493 0.41483 0.569921
1406 0.0419616 0.587207 0.370832
1797 0.695767 0.198301 0.105932
2027 0.0661082 0.841073 0.0928189
1540 0.0863112 0.253107 0.660581
4268 0.78605 0.103701 0.11025
4268 0.420653 0.0431988 0.536148
1090 0.138328 0.524586 0.337086
3786 0.144894 0.383492 0.471614
2873 0.0527744 0.227553 0.719673
1959 0.204914 0.0286566 0.766429
3289 0.207054 0.258874 0.534072
1333 0.111642 0.4336 0.454759
3007 0.634229 0.169267 0.196504
1259 0.509932 0.4185 0.0715683
4385 0.728747 0.258029 0.0132245
1716 0.74478 0.236635 0.0185853
49 0.0536653 0.788208 0.158127
1984 0.691133 0.20337 0.105498
1409 0.297334 0.282748 0.419918
905 0.462512 0.133592 0.403895
3416 0.000266972 0.0397086 0.960024
921 0.00920543 0.265744 0.72505
3884 0.1125 0.183778 0.703721
704 0.479482 0.324976 0.195542
1706 0.132453 0.568211 0.299336
2701 0.589843 0.0299658 0.380191
157 0.637921 0.272161 0.0899175
830 0.344795 0.124889 0.530316
831 0.41541 0.279681 0.304908
2159 0.0231113 0.92552 0.0513687
994 0.485556 0.454028 0.0604166
2354 0.57404 0.180737 0.245223
3325 0.5 0 0.5
828 0.614675 0.369301 0.0160243
2135 0.412237 0.328764 0.258998
3434 0.124509 0.852587 0.022904
3922 0.477411 0.0636771 0.458911
384 0.146357 0.604139 0.249504
11 0.43642 0.372407 0.191173
3643 0.498962 0.087999 0.413039
3192 0.430379 0.552457 0.0171635
898 0.337685 0.272729 0.389586
2473 0.0901657 0.749192 0.160642
4441 0.67284 0.131351 0.195808
2878 0.537244 0.0159841 0.446772
4271 0.550424 0.161723 0.287853
1781 0.0869606 0.621339 0.2917
2385 0.0296019 0.340273 0.630125
1200 0.372058 0.32487 0.303071
432 0.302635 0.489278 0.208087
2053 0.864772 0.0623465 0.0728815
3074 0.188158 0.0834214 0.72842
1131 0.0754554 0.71935 0.205195
1425 0.807473 0.0258846 0.166642
1123 0.837727 0.00271186 0.159561
2232 0.119192 0.8111 0.0697088
4223 0.5 0 0.5
3348 0.656541 0.255879 0.0875797
726 0 0.5 0.5
127 0.674394 0.241567 0.0840396
1379 0 0.5 0.5
3592 0.0342591 0.337963 0.627778
3414 0.00152046 0.0969937 0.901486
4166 0.444814 0.0385641 0.516621
520 0.20932 0.636157 0.154524
2456 0.479649 0.38378 0.136571
1918 0.453585 0.140193 0.406222
1208 0.00968165 0.27777 0.712549
1208 0.51354 0.407756 0.0787043
1228 0.651787 0.193106 0.155108
958 0.782993 0.0378761 0.179131
1700 0.25149 0.661693 0.0868166
2044 0.179237 0.113077 0.707685
850 0.132573 0.775585 0.0918414
503 0.148608 0.5931 0.258292
2045 0.0562675 0.176845 0.766888
1544 0.389639 0.153491 0.456871
2937 0.292581 0.590055 0.117364
3350 0.0198192 0.500455 0.479726
116 0.445397 0.15164 0.402963
3530 0.790029 0.0109365 0.199034
3530 0.362727 0.338869 0.298404
3530 0.348409 0.523937 0.127654
3530 0.0126006 0.665273 0.322126
68 0.127529 0.587134 0.285338
1051 0.266666 0.346362 0.386971
3651 0.135684 0.534468 0.329847
1372 0.413052 0.292213 0.294735
1854 0.469163 0.474105 0.0567324
1831 0.251108 0.332463 0.416428
2177 0.548762 0.0200202 0.431218
3992 0.213292 0.231864 0.554844
3419 0.439094 0.452779 0.108127
1014 0.0835875 0.664528 0.251884
3111 0.415938 0.129127 0.454935
1970 0.0121411 0.758592 0.229267
246 0.39378 0.246638 0.359582
215 0.00755051 0.750585 0.241864
629 0.0784143 0.517049 0.404537
698 0.266735 0.609428 0.123837
91 0.307026 0.366708 0.326266
94 0.161592 0.692347 0.146061
3517 0.290256 0.139351 0.570393
4324 0.253537 0.742048 0.00441529
915 0.243395 0.137647 0.618959
2536 0.268571 0.509244 0.222185
403 0.331629 0.648666 0.0197055
4076 0.466236 0.493673 0.0400916
82 0.222527 0.44564 0.331833
488 0.638385 0.168865 0.19275
596 0.252175 0.347055 0.40077
4219 0.258081 0.649056 0.0928626
595 0.27481 0.179062 0.546129
3504 0.105797 0.499792 0.394411
1010 0.0539791 0.782956 0.163065
3067 0.498093 0.461123 0.0407847
1386 0.30312 0.151188 0.545691
2238 0.5 0.5 0
2678 0.213739 0.73116 0.0551014
2882 0.5 0.5 0
4175 0.5 0 0.5
4552 0.504853 0.449392 0.0457559
4192 0.469983 0.484795 0.0452227
2795 0.381002 0.388864 0.230133
3219 0.050124 0.923471 0.0264053
1650 0.254616 0.686139 0.0592449
1275 0.141718 0.785527 0.0727548
4456 0.745879 0.0949028 0.159219
1119 0.674765 0.0299978 0.295238
2769 0.120917 0.836054 0.0430287
3771 0.315863 0.349635 0.334502
2190 0.314965 0.33878 0.346255
1166 0.0314391 0.0178578 0.950703
3781 0.290502 0.324231 0.385267
391 0.581589 0.225461 0.19295
3959 0.0225727 0.724062 0.253365
1640 0.563581 0.0810735 0.355346
3960 0.866409 0.111169 0.0224225
536 0.291088 0.362518 0.346393
633 0.756935 0.09525 0.147815
1393 0.5 0.5 0
2057 0.222244 0.572379 0.205377
3093 0.701983 0.140316 0.157701
3094 0.0436373 0.490431 0.465931
458 0.592623 0.234358 0.173019
247 0.467427 0.517441 0.0151325
978 0.751604 0.241783 0.00661288
1861 0.0138146 0.961329 0.0248565
1861 0 0.5 0.5
3556 0.635335 0.0297457 0.334919
1291 0.272469 0.555071 0.17246
3944 0.315461 0.130749 0.55379
2887 0.00161372 0.889915 0.108472
2300 0.494522 0.414565 0.0909125
1531 0.032674 0.449396 0.51793
3631 0.135211 0.425418 0.439371
1424 0.257041 0.123991 0.618968
3631 0.309458 0.017247 0.673295
702 0.484244 0.298222 0.217533
3350 0.221777 0.77439 0.00383266
271 0.306671 0.357907 0.335422
3429 0.5 0.5 0
1980 0.322199 0.671532 0.00626919
799 0.79355 0.106302 0.100148
3904 0.495006 0.40126 0.103734
2020 0.761801 0.0121626 0.226036
491 0.032636 0.497089 0.470275
3120 0.399826 0.0919986 0.508176
1311 0.261154 0.58292 0.155926
489 0.055889 0.662087 0.282024
2117 0.378255 0.322512 0.299233
3438 0.357372 0.332677 0.30995
2809 0.5 0 0.5
1060 0.5 0.5 0
1622 0.276899 0.535545 0.187555
65 0.450196 0.425451 0.124353
4445 0.00485147 0.139236 0.855913
325 0.0915475 0.894652 0.0138008
1042 0.407842 0.155246 0.436911
2147 0.430906 0.524514 0.0445806
291 0.543904 0.0418457 0.414251
416 0.46206 0.160796 0.377143
1800 0.757657 0.0631473 0.179196
2731 0.0896266 0.353973 0.5564
1648 0.355373 0.46159 0.183037
2061 0.300755 0.543958 0.155287
883 0.511013 0.0644043 0.424583
3859 0.0104814 0.657758 0.331761
1878 0.749424 0.0177137 0.232862
3804 0.5 0 0.5
1543 0.0223746 0.597091 0.380534
3641 0.144595 0.823904 0.0315014
3641 0.223016 0.436439 0.340545
2683 0.231449 0.354057 0.414494
1358 0.0221109 0.831706 0.146183
2684 0.385783 0.364714 0.249504
3130 0.138792 0.596846 0.264362
3843 0.809378 0.160851 0.0297713
1944 0.643113 0.0276571 0.32923
4437 0.00110245 0.715894 0.283003
3529 0.242737 0.308664 0.448599
3529 0.363139 0.296408 0.340453
3529 0.508476 0.0215635 0.469961
1252 0.0549539 0.0394314 0.905615
439 0.241724 0.100795 0.657481
1719 0.441535 0.0961632 0.462302
3023 0.582663 0.346416 0.0709219
824 0.204193 0.662634 0.133173
4193 0.410521 0.11739 0.472088
3899 0.577535 0.328665 0.0938004
236 0.135714 0.506379 0.357907
1577 0.215312 0.00169022 0.782998
2323 0.174003 0.759745 0.0662524
1230 0.186498 0.247001 0.566501
1499 0.234713 0.224351 0.540936
2913 0.167006 0.139422 0.693572
3802 0.90992 0.0825431 0.00753679
346 0.162972 0.540293 0.296735
3842 0.323567 0.0431886 0.633245
137 0.691942 0.0218313 0.286227
161 0.122268 0.414304 0.463429
668 0.548861 0.438365 0.0127747
1818 0.488233 0.169663 0.342103
128 0.272568 0.40182 0.325612
3941 0.0921763 0.847802 0.0600217
1884 0.305677 0.112883 0.58144
2698 0.300643 0.605957 0.0933995
4359 0.543695 0.053573 0.402732
2575 0.314844 0.0972239 0.587932
3529 0.814747 0.0333393 0.151913
3529 0.850335 0.0646374 0.0850276
2354 0.168212 0.0697529 0.762035
417 0.0251185 0.111075 0.863807
704 0.106544 0.682481 0.210975
3880 0.151801 0.0112473 0.836952
3880 0.355567 0.526586 0.117846
1300 0.121149 0.513695 0.365156
3476 0.0966108 0.108903 0.794486
3877 0.2285 0.381607 0.389893
858 0.27057 0.48438 0.24505
1747 0.519004 0.0971226 0.383874
261 0.726248 0.0411924 0.23256
2216 0.0266623 0.532456 0.440881
3376 0.135493 0.627966 0.23654
3236 0.867787 0.087183 0.0450295
1306 0.529026 0.0704712 0.400503
4125 0.369895 0.242158 0.387947
2435 0 0.5 0.5
2060 0.63356 0.180981 0.185458
4095 0.00812912 0.493529 0.498342
3845 0.339907 0.0429366 0.617156
2288 0.472958 0.139346 0.387696
344 0.293427 0.693562 0.0130119
483 0.26698 0.382861 0.35016
3249 0 0.5 0.5
4039 0.611482 0.224365 0.164153
4513 0.635473 0.158473 0.206054
1538 0.315713 0.333396 0.350891
4514 0.0618605 0.514638 0.423502
1151 0.0377215 0.511894 0.450385
4421 1 0 0
4208 0.0216837 0.0314189 0.946897
2378 0.365972 0.551619 0.082409
2160 0.627362 0.205657 0.166981
3663 0.202102 0.181187 0.616711
702 0.0304759 0.736789 0.232735
702 0.0318396 0.230757 0.737404
310 0.824518 0.0973185 0.0781632
3269 0.458028 0.520863 0.0211092
310 0.173698 0.738476 0.0878259
2430 0.565704 0.328466 0.10583
2121 0.171983 0.479069 0.348948
2121 0.601894 0.30799 0.0901164
1376 0.145027 0.328634 0.52634
1868 0.35827 0.151795 0.489935
315 0.233592 0.205078 0.56133
181 0.132021 0.120494 0.747485
1895 0.280746 0.0657641 0.65349
1742 0.00985732 0.729411 0.260732
430 0.235908 0.51446 0.249632
2296 0.645219 0.11763 0.237151
1156 0.171538 0.530175 0.298287
1351 0.21968 0.199783 0.580537
3617 0.660619 0.0420075 0.297373
2717 0.344521 0.555239 0.100239
2038 0.21721 0.662627 0.120163
305 0.170626 0.558654 0.27072
3529 0.401286 0.518703 0.0800113
3529 0.222826 0.60162 0.175554
3529 0.534347 0.336227 0.129426
3529 0.0278434 0.857808 0.114348
2294 0.0920666 0.0300956 0.877838
479 0.188156 0.582788 0.229056
1998 0.791128 0.0167049 0.192167
548 0.578862 0.207642 0.213496
1363 0.512565 0.179931 0.307504
4013 0.5 0 0.5
373 0.398061 0.29138 0.310559
730 0.279514 0.353667 0.366819
1961 0.644833 0.309578 0.0455889
2885 0.18329 0.376829 0.439881
1929 0.0978568 0.729046 0.173097
756 0.388974 0.543763 0.0672624
955 0.309572 0.638681 0.0517468
4034 0.302485 0.15324 0.544275
1107 0.488283 0.335744 0.175973
490 0.0370332 0.8083 0.154667
66 0.0938298 0.320163 0.586007
3059 0.389928 0.0863346 0.523737
1081 0.317751 0.0597179 0.622531
4539 0.629237 0.138331 0.232432
0 0.138871 0.358982 0.502147
0 0.131957 0.0609528 0.807091
0 0.286591 0.334473 0.378936
130 0 0.5 0.5
130 0.0165493 0.955842 0.0276083
4529 0.547517 0.0576875 0.394795
2724 0.0311303 0.701391 0.267479
4376 0.794203 0.110918 0.0948788
2574 0.416184 0.134346 0.44947
2107 0.457936 0.436563 0.1055
2477 0.442649 0.356343 0.201009
3485 0.837396 0.060944 0.10166
1346 0.149059 0.164036 0.686905
1718 0.206111 0.455314 0.338575
4203 0.530127 0.0679088 0.401964
2196 0.732009 0.17435 0.0936401
1382 0.473017 0.378364 0.148619
3754 0.0935648 0.159318 0.747117
2695 0.780535 0.0816049 0.13786
3079 0.503422 0.397036 0.0995421
1885 0.491001 0.495833 0.013166
2280 0.256145 0.128385 0.61547
1916 0.178823 0.675869 0.145307
3609 0.2349 0.142569 0.622531
1893 0.188005 0.440043 0.371952
2802 0.65031 0.167272 0.182418
3209 1 0 0
177 0.107308 0.2117 0.680992
130 0.5 0 0.5
177 0.50694 0.210869 0.282191
1739 0.347423 0.304593 0.347984
251 0.238775 0.221976 0.53925
1475 0.667307 0.320277 0.012416
2272 0.300174 0.259161 0.440665
1474 0.0946987 0.810124 0.0951773
1397 0.811547 0.120256 0.0681975
589 0.624152 0.326303 0.049545
26 0.211263 0.686238 0.102499
2686 0.371119 0.131678 0.497203
1168 0.196704 0.218042 0.585254
1541 0.588779 0.206202 0.205019
3704 0.387115 0.241253 0.371632
2563 0.468491 0.368619 0.16289
1020 0.103792 0.139585 0.756623
3268 0.357095 0.368176 0.274729
1428 0.284122 0.591146 0.124732
3689 0.00150372 0.0766483 0.921848
904 0.133986 0.159655 0.70636
1433 0.117944 0.306705 0.575352
4559 0.452905 0.150845 0.39625
91 0.114167 0.22557 0.660263
3792 0.503855 0.0487562 0.447389
536 0.0746086 0.449316 0.476075
3418 0.323886 0.138776 0.537338
3459 0.0267577 0.603902 0.36934
2511 0.389056 0.129861 0.481082
3359 0.675534 0.200921 0.123545
266 0.800204 0.0602726 0.139523
2713 0.280594 0.0269822 0.692424
56 0.527905 0.364239 0.107855
520 0.248755 0.0331771 0.718068
627 0.0896302 0.16681 0.74356
3529 0.307763 0.133422 0.558815
337 0.164673 0.377345 0.457982
2204 0.0867969 0.457887 0.455316
459 0.237156 0.34923 0.413614
1073 0.183199 0.128258 0.688542
2884 0.201311 0.166405 0.632284
3640 0.0753828 0.82559 0.0990276
1303 0.128866 0.257721 0.613413
1845 0.277437 0.598179 0.124384
2410 0.136963 0.793087 0.0699498
1509 0 0.5 0.5
128 0.87904 0.104351 0.016609
2499 0.229213 0.409999 0.360788
1542 0.423463 0.146958 0.429579
3787 0.0439243 0.0965871 0.859489
2317 0.395373 0.353811 0.250817
2318 0.460174 0.183057 0.356769
3594 0.131175 0.720335 0.14849
3030 0.0987164 0.571975 0.329309
660 0.132509 0.269064 0.598427
750 0.341934 0.245194 0.412872
1868 0.304913 0.66531 0.0297773
3718 0.455751 0.00255601 0.541693
1256 0.326543 0.189013 0.484444
3067 0.282084 0.158845 0.559071
4360 0.106943 0.533012 0.360045
192 0.13222 0.517855 0.349925
3210 0.269616 0.160263 0.570122
272 0.5 0 0.5
1981 0.342263 0.580701 0.0770366
743 0.0457504 0.0540249 0.900225
317 0.384381 0.199551 0.416068
680 0.758498 0.109961 0.131542
1070 0.0191725 0.538255 0.442572
4121 0.654343 0.320362 0.025295
2073 0.624271 0.0450054 0.330723
1378 0.64914 0.141448 0.209411
3413 0.300516 0.625648 0.0738364
637 0.501099 0.238909 0.259992
1128 0.682656 0.191903 0.125441
1844 0.107937 0.619857 0.272207
2989 0.152063 0.074328 0.77361
31 0.0358217 0.7866 0.177578
1193 0.505048 0.267112 0.227841
53 0.429099 0.0704899 0.500411
3038 0.5 0.5 0
1568 0.0825402 0.102061 0.815399
305 0.00536775 0.370785 0.623847
3389 0.436098 0.450742 0.113161
2421 0.519409 0.333564 0.147026
1618 0.480232 0.199215 0.320553
836 0.308138 0.0372567 0.654606
2130 0 0.5 0.5
2129 0.466982 0.19868 0.334337
304 0.146116 0.665429 0.188455
727 0.155018 0.507644 0.337338
2621 0.049025 0.483107 0.467868
3201 0.0387226 0.0222643 0.939013
2416 0.107002 0.0388276 0.85417
607 0.3001 0.241047 0.458853
3529 0.65929 0.202118 0.138592
3025 1 0 0
630 0.0140457 0.860595 0.125359
177 0.430351 0.137307 0.432341
177 0.322617 0.448642 0.228741
0 0.294441 0.496773 0.208786
199 0.0880147 0.731068 0.180918
2820 0.572986 0.0630286 0.363985
12 0.265239 0.499536 0.235225
3664 0.5 0 0.5
2846 0.664043 0.178317 0.15764
611 2.67695e-13 1.24486e-14 1
611 0.766897 0.0603392 0.172764
343 0.0248564 0.902685 0.0724589
1371 0.559083 0.368337 0.0725802
1335 0.826213 0.0372439 0.136544
1913 0.17103 0.176791 0.65218
3056 0.156694 0.455535 0.387771
1668 0 1 0
1306 0.480374 0.389813 0.129813
1545 0.0236756 0.39061 0.585714
1247 0.389228 0.586683 0.0240896
2088 0.509109 0.0685695 0.422322
890 0.00528028 0.933172 0.0615473
646 0.21224 0.1941 0.59366
801 0.345166 0.497163 0.15767
568 0.748478 0.186216 0.0653064
407 0.0580015 0.515226 0.426772
1816 0.410173 0.546406 0.043421
724 0.0855811 0.809529 0.10489
4425 0.236676 0.345456 0.417868
1180 0.345928 0.357264 0.296808
846 0.117576 0.130452 0.751971
4181 0.134085 0.818519 0.0473956
355 0.0499562 0.760571 0.189473
2950 0.414245 0.240915 0.344841
1412 0.163263 0.819572 0.0171652
442 0.324568 0.585444 0.0899875
3061 0.250225 0.389191 0.360584
4379 0.609406 0.136508 0.254086
1682 0.0930085 0.815355 0.0916365
3127 0.10531 0.161417 0.733273
2618 0.204349 0.0669012 0.72875
1304 0.471766 0.0419337 0.4863
3610 0.212061 0.659406 0.128533
29 0.564816 0.0291837 0.406
26 0.0737479 0.0398483 0.886404
3665 0.285979 0.153713 0.560308
1195 0.1618 0.589134 0.249067
2431 0.0251182 0.0764165 0.898465
2432 0.822848 0.0922266 0.0849256
1090 0.00288007 0.00189057 0.995229
2054 0.593273 0.211919 0.194808
165 0.351113 0.464538 0.184349
3211 0.0872414 0.444177 0.468582
353 0.0659688 0.53992 0.394111
4090 0.102867 0.48306 0.414073
4090 0.882626 0.037693 0.0796811
1044 0.0653255 0.254884 0.679791
1012 0.310516 0.342065 0.347419
2096 0.0935296 0.179447 0.727024
901 0.174117 0.708487 0.117396
1350 0.542357 0.180649 0.276994
1928 0.0562411 0.306915 0.636844
1866 0 1 0
3529 0.131735 0.265787 0.602478
305 0.727677 0.122764 0.149559
4081 0.375572 0.211008 0.41342
3862 0.0708582 0.716282 0.212859
937 0.205185 0.262495 0.53232
3549 0.0669723 0.731698 0.201329
1543 0.315011 0.107762 0.577227
3529 0.490469 0.100996 0.408535
177 0.5 0 0.5
4414 0.042545 0.882587 0.0748678
995 0.159133 0.492447 0.34842
3235 0.445315 0.299944 0.254741
3690 0.275289 0.0291688 0.695542
3612 0.462248 0.339501 0.198251
1728 0.0335586 0.603027 0.363414
2565 0.568913 0.162834 0.268253
1754 0.0306454 0.306243 0.663111
1919 0.245895 0.0342134 0.719892
1972 0.351512 0.0491001 0.599388
752 0.325388 0.314433 0.360179
2569 0.754096 0.0416924 0.204212
489 0.696767 0.258963 0.0442701
3450 0.368888 0.135958 0.495154
3278 0.141579 0.0208421 0.837579
1504 1 0 0
2668 0.201402 0.549471 0.249127
1120 0.187655 0.471974 0.340371
2643 0.249211 0.209983 0.540805
2324 0.0897572 0.384365 0.525878
968 0.0571816 0.723108 0.21971
1548 0.0799187 0.773088 0.146993
1211 0.171107 0.406364 0.422529
1907 0.0450506 0.39034 0.564609
4113 0.111378 0.605364 0.283258
569 0.0375053 0.659392 0.303103
3208 0.137423 0.147145 0.715432
486 0.370334 0.137524 0.492143
480 0.83248 0.0076981 0.159822
2353 0.189708 0.576258 0.234034
3217 0.136827 0.703462 0.159711
4095 1 0 0
514 0.318474 0.320312 0.361215
3936 0.0338265 0.167867 0.798306
1825 0.607128 0.343673 0.0491991
59 0.267387 0.397105 0.335508
59 0.181941 0.736625 0.0814339
1846 0.420662 0.524099 0.0552391
411 0.460689 0.255146 0.284165
3447 0.435491 0.52374 0.040769
247 0.071744 0.46612 0.462136
1803 0.642984 0.31925 0.0377668
2351 0.726415 0.051663 0.221922
1835 0.273209 0.193103 0.533688
3591 0.337461 0.148514 0.514026
4398 0.398925 0.127712 0.473363
3 0.498042 0.305677 0.196282
2162 0.156171 0.295225 0.548604
2571 0.0336641 0.125166 0.84117
1107 0.402172 0.138837 0.458991
1147 0.181423 0.757033 0.0615436
2768 0.433102 0.158307 0.408591
1281 0.50754 0.391616 0.100844
2734 0.841283 0.0912205 0.0674965
860 0.306068 0.334396 0.359536
4240 0.247468 0.260643 0.491889
797 0.421539 0.518953 0.0595074
1685 0.637869 0.0300411 0.33209
1488 0 1 0
230 0.0704573 0.331506 0.598036
1497 0.487275 0.300568 0.212157
4527 0 0.5 0.5
1354 0.185247 0.792343 0.0224101
2457 0.460911 0.500151 0.0389379
60 0.104979 0.0658954 0.829125
3533 0.0751702 0.196912 0.727918
1377 0.28777 0.399606 0.312624
3416 0 0 1
3091 0.710368 0.249747 0.0398854
371 0.457384 0.365153 0.177463
3744 0.5 0 0.5
2642 0.0263538 0.146752 0.826894
2024 0.215045 0.168021 0.616934
1574 0.324564 0.328325 0.347111
2143 0.10066 0.650592 0.248748
3530 0.0724863 0.432673 0.494841
177 0.492655 0.0222329 0.485112
3410 0.0691751 0.0137295 0.917095
2035 0.665583 0.215583 0.118834
887 0.0678993 0.863983 0.0681176
32 0.113053 0.30832 0.578627
1723 0.0441841 0.521277 0.434539
1037 0.429466 0.502783 0.0677507
3124 0.788872 0.118451 0.0926762
2485 0.588525 0.381625 0.0298498
2582 0.477764 0.321328 0.200908
2975 0.641957 0.301791 0.0562523
2822 0.00201228 0.892642 0.105346
2733 0.559467 0.317928 0.122604
2496 0.0422673 0.645725 0.312008
3149 0.352665 0.286775 0.36056
1947 0.669474 0.260242 0.0702841
2208 0.580406 0.331726 0.0878676
675 0.0642459 0.443 0.492754
4138 0.384599 0.0701337 0.545267
3220 0.399964 0.296668 0.303369
3453 0.189825 0.334273 0.475902
1217 0.297702 0.400689 0.301609
1265 0.424545 0.226425 0.34903
1118 0.61048 0.257473 0.132048
2139 0.0799378 0.261836 0.658226
2863 0.0778013 0.258255 0.663943
4433 0 0 1
2491 0.74144 0.0831942 0.175366
3760 0.0439167 0.379441 0.576642
659 0.0610006 0.700708 0.238292
86 0.284267 0.140955 0.574778
1540 0.436562 0.495973 0.0674648
4528 0.179149 0.231235 0.589616
1801 0.217105 0.387394 0.395501
3529 1 6.63217e-17 5.223e-16
3530 0.0530928 0.0730094 0.873898
709 0.0282042 0.724224 0.247571
2653 0.129505 0.767761 0.102734
2988 0.0179434 0.237227 0.74483
2262 0.177985 0.451237 0.370778
309 0.649922 0.124432 0.225647
1500 0.165627 0.613446 0.220926
3529 0.0799145 0.0259021 0.894183
979 0.167196 0.452285 0.380519
571 0.690289 0.135627 0.174083
3426 0.0341092 0.381249 0.584642
3546 0.43558 0.543361 0.0210587
70 0.324499 0.0358046 0.639696
2259 0.437999 0.276708 0.285294
3636 0.737038 0.0263444 0.236618
393 0.239053 0.295459 0.465488
2811 0.11925 0.433372 0.447378
184 0.13606 0.156264 0.707675
2346 0.349936 0.0226875 0.627376
670 0.293174 0.397487 0.30934
1929 0.40719 0.120093 0.472718
4378 0.0280705 0.735516 0.236414
855 0.258236 0.569522 0.172242
3945 0.0201357 0.0661668 0.913697
4267 0.0338931 0.153499 0.812608
4268 0.0539261 0.0475959 0.898478
2790 0.422201 0.300343 0.277456
1917 0.764765 0.0559888 0.179246
1535 0.13074 0.325951 0.54331
3926 0.0028742 0.163717 0.833409
3016 0.46155 0.144923 0.393526
1623 0.527653 0.436305 0.0360418
154 0.111811 0.737612 0.150576
2309 0.54727 0.0375236 0.415206
0 0.375789 0.452263 0.171948
177 0.011414 0.115706 0.87288
1037 0.259277 0.138488 0.602234
3020 0.0578092 0.496105 0.446086
130 0.230918 0.223492 0.54559
2480 0.593025 0.0441451 0.36283
3353 0.312929 0.123764 0.563308
1094 0.239636 0.570415 0.189949
1784 0.519514 0.285916 0.194569
1306 0.185891 0.507929 0.306181
3283 0.480686 0.36237 0.156944
1213 0.0661726 0.530223 0.403604
3901 0.300167 0.260314 0.439519
2876 0.341404 0.289857 0.368739
2044 0.569943 0.149908 0.280149
3747 0.0842491 0.556939 0.358812
1924 0.157394 0.138898 0.703708
598 0.493061 0.480932 0.0260072
497 0.0820482 0.567764 0.350187
2143 0.443782 0.379962 0.176256
4134 0.682562 0.134644 0.182794
