395 0.16573 0.335514 0.498756
364 0.187131 0.627692 0.185177
364 0.156559 0.697598 0.145843
364 0.120983 0.763836 0.115181
364 0.0782831 0.832944 0.0887733
364 0.0310904 0.901328 0.0675812
395 0.0192561 0.0338149 0.946929
394 0.928021 0.0264255 0.0455533
394 0.873567 0.081265 0.0451679
394 0.818081 0.129922 0.051997
394 0.922434 0.0246404 0.0529253
394 0.710545 0.198861 0.0905941
394 0.659213 0.219482 0.121306
394 0.610441 0.231391 0.158168
394 0.565083 0.234254 0.200663
394 0.523797 0.22778 0.248423
394 0.487316 0.212708 0.299976
394 0.456355 0.18842 0.355225
394 0.431394 0.155541 0.413065
394 0.413533 0.114373 0.472094
394 0.406625 0.0653761 0.527999
394 0.412992 0.00712636 0.579881
395 0.573557 0.0570549 0.369388
395 0.553321 0.125983 0.320697
395 0.526606 0.198896 0.274498
394 0.224945 0.012419 0.762636
395 0.589128 0.0737026 0.33717
395 0.714542 0.114607 0.170851
395 0.382686 0.494132 0.123183
395 0.338718 0.559903 0.101379
395 0.290251 0.625223 0.0845259
395 0.238074 0.687391 0.074535
395 0.186306 0.740292 0.073402
395 0.135797 0.784735 0.079468
395 0.0857264 0.822552 0.0917215
395 0.0368497 0.853786 0.109365
364 0.0100928 0.120504 0.869403
364 0.054341 0.103401 0.842258
364 0.0952514 0.0950715 0.809677
364 0.131994 0.0957847 0.772221
364 0.164237 0.105274 0.730489
364 0.190692 0.125401 0.683907
364 0.211583 0.153708 0.634709
364 0.227254 0.187433 0.585313
364 0.237131 0.226107 0.536762
364 0.24364 0.268926 0.487433
364 0.454037 0.126079 0.419884
364 0.249301 0.372684 0.378016
364 0.242672 0.432641 0.324687
364 0.230117 0.495336 0.274547
364 0.211873 0.55973 0.228397
363 0.00859625 0.535022 0.456382
362 0.314783 0.49372 0.191497
361 0.92591 0.036199 0.0378906
363 0.127092 0.328443 0.544464
361 0.712659 0.0156942 0.271646
363 0.255414 0.131762 0.612824
360 0.121979 0.337317 0.540704
362 0.604094 0.0702224 0.325684
391 0.0524088 0.372486 0.575105
362 0.45012 0.294636 0.255244
2252 0.242603 0.34863 0.408767
362 0.282578 0.528561 0.188861
2254 0.69356 0.197069 0.109371
362 0.0349027 0.778057 0.18704
2252 0.0319002 0.742911 0.225189
393 0.132752 0.0687229 0.798525
2252 0.396115 0.351041 0.252844
392 0.699046 0.063675 0.237279
2253 0.186656 0.0640952 0.749249
392 0.587681 0.14064 0.271679
2250 0.234881 0.523321 0.241798
392 0.41305 0.246943 0.340007
1884 0.165715 0.199703 0.634582
392 0.239282 0.337115 0.423603
1828 0.444048 0.157397 0.398554
423 0.0767021 0.452246 0.471052
1829 0.0983987 0.409153 0.492448
423 0.179946 0.47251 0.347544
1826 0.224284 0.0949471 0.680769
423 0.256356 0.543522 0.200122
1827 0.421258 0.3088 0.269942
423 0.314202 0.645177 0.0406208
1827 0.0742323 0.658274 0.267494
424 0.639479 0.238634 0.121887
1824 0.237224 0.0164547 0.746322
424 0.604307 0.113324 0.282369
1825 0.459718 0.220453 0.319828
425 0.410231 0.0370202 0.552749
1825 0.153987 0.420959 0.425054
425 0.384949 0.22055 0.394502
1822 0.115877 0.415734 0.468388
425 0.338081 0.418127 0.243791
1822 0.373243 0.255541 0.371215
425 0.275364 0.612044 0.112593
1822 0.655591 0.0983267 0.246082
426 0.793198 0.202907 0.00389496
1823 0.154578 0.0176329 0.827789
427 0.122378 0.00132152 0.8763
428 0.270703 0.678111 0.0511859
427 0.0184909 0.231146 0.750364
428 0.653407 0.0735407 0.273052
396 0.0990339 0.531274 0.369692
428 0.630837 0.0339122 0.335251
396 0.208009 0.341168 0.450823
429 0.0941573 0.348535 0.557308
396 0.315478 0.17711 0.507412
398 0.151415 0.312552 0.536034
396 0.438166 0.00863438 0.553199
399 0.214032 0.486849 0.299119
397 0.417588 0.17788 0.404533
368 0.0750933 0.182516 0.742391
397 0.25794 0.374875 0.367185
369 0.626391 0.108896 0.264713
397 0.10435 0.5438 0.35185
369 0.381543 0.303311 0.315146
367 0.586926 0.0894344 0.323639
369 0.315598 0.280425 0.403977
367 0.45271 0.183797 0.363492
338 0.0847896 0.372737 0.542474
367 0.334007 0.245425 0.420568
338 0.360966 0.18617 0.452863
367 0.223955 0.286773 0.489272
338 0.598841 0.0985748 0.302585
367 0.112971 0.304118 0.582912
338 0.789671 0.102118 0.10821
367 0.145177 0.193066 0.661757
368 0.533205 0.203098 0.263698
336 0.100931 0.68717 0.211899
368 0.67143 0.269954 0.0586161
336 0.199423 0.694818 0.105759
367 0.210151 0.605984 0.183865
335 0.719115 0.271958 0.00892693
336 0.21043 0.289639 0.49993
335 0.673971 0.187391 0.138637
367 0.034046 0.322018 0.643936
335 0.646506 0.0800651 0.273429
367 0.00119696 0.105517 0.893286
334 0.360985 0.0575003 0.581515
334 0.00201301 0.188547 0.80944
334 0.35669 0.217619 0.425691
365 0.0276354 0.503269 0.469096
395 0.123447 0.559193 0.31736
365 0.0884089 0.184981 0.726611
395 0.169842 0.396541 0.433617
363 0.187183 0.78433 0.0284871
395 0.232745 0.223279 0.543976
363 0.311129 0.382592 0.306278
395 0.319674 0.0130413 0.667285
362 0.514043 0.0595037 0.426453
332 0.100275 0.207282 0.692443
331 0.198192 0.205403 0.596405
330 0.537847 0.356705 0.105449
2257 0.262602 0.0615883 0.67581
2254 0.0534073 0.248001 0.698592
2284 0.388257 0.574462 0.0372808
2285 0.264241 0.0947382 0.641021
2282 0.0991527 0.254492 0.646355
2285 0.38455 0.169246 0.446204
2282 0.0841323 0.208283 0.707584
2283 0.418888 0.39361 0.187502
2281 0.892607 0.0179001 0.0894933
2281 0.372647 0.611738 0.0156149
1888 0.174098 0.777446 0.0484565
1888 0.698939 0.21658 0.0844814
1886 0.214767 0.696692 0.088541
1886 0.702584 0.233062 0.0643542
1884 0.0328357 0.930801 0.0363634
1855 0.524117 0.425037 0.0508466
1855 0.112411 0.720178 0.167411
1852 0.271419 0.0353001 0.693281
1853 0.362314 0.145777 0.491908
1853 0.0120382 0.270283 0.717679
1850 0.306541 0.657897 0.0355618
1821 0.421252 0.352307 0.226441
1821 0.130538 0.378871 0.490591
430 0.190564 0.493973 0.315463
431 0.428178 0.0784284 0.493393
431 0.0847806 0.549164 0.366055
401 0.676847 0.0397218 0.283432
401 0.332573 0.426097 0.24133
370 0.0757077 0.136704 0.787588
371 0.545708 0.203214 0.251078
371 0.205382 0.485347 0.309271
340 0.20053 0.173868 0.625603
341 0.426893 0.0845731 0.488534
371 0.513577 0.100516 0.385907
371 0.20198 0.195493 0.602527
340 0.0815266 0.740963 0.177511
339 0.699208 0.20586 0.0949324
339 0.489517 0.105956 0.404527
339 0.296646 0.000233802 0.70312
337 0.150042 0.785278 0.0646793
337 0.0470376 0.519096 0.433866
306 0.0183079 0.762699 0.218993
304 0.041973 0.139869 0.818158
304 0.0343329 0.550277 0.41539
335 0.000632969 0.0203534 0.979014
333 0.0928283 0.512092 0.39508
332 0.711226 0.0819843 0.206789
331 0.404604 0.389828 0.205569
2258 0.637862 0.163579 0.198559
2259 0.548858 0.0954035 0.355739
2288 0.765784 0.14295 0.091266
2286 0.11741 0.347229 0.53536
2287 0.468998 0.471438 0.0595634
2317 0.0657986 0.247571 0.686631
2315 0.612196 0.0444638 0.343341
2314 0.120738 0.148989 0.730273
2315 0.317294 0.619127 0.063579
2313 0.816545 0.140677 0.0427774
2343 0.148586 0.0954663 0.755948
2340 0.454201 0.214374 0.331426
1918 0.067048 0.546809 0.386143
1919 0.32309 0.0828579 0.594052
1916 0.278545 0.347245 0.37421
1916 0.679145 0.0309703 0.289885
1914 0.438276 0.375974 0.18575
1915 0.0250627 0.0112709 0.963666
1883 0.508891 0.321776 0.169332
1883 0.0440398 0.54715 0.40881
1880 0.417581 0.26801 0.314409
1880 0.838474 0.158306 0.00321989
1848 0.206555 0.12725 0.666195
1848 0.549603 0.164946 0.285451
1816 0.00740965 0.201581 0.791009
1816 0.258191 0.402691 0.339118
432 0.158975 0.367306 0.473719
433 0.380166 0.244338 0.375496
402 0.119014 0.156928 0.724059
403 0.422001 0.355997 0.222002
372 0.0985395 0.122988 0.778473
373 0.449165 0.28523 0.265605
342 0.0586719 0.284615 0.656713
372 0.121437 0.0670953 0.811467
373 0.432234 0.210014 0.357752
373 0.0414633 0.345604 0.612933
342 0.346119 0.510189 0.143692
341 0.324064 0.540473 0.135463
310 0.0385283 0.40547 0.556002
310 0.331508 0.519406 0.149086
309 0.40788 0.291678 0.300442
309 0.224647 0.0835895 0.691763
307 0.0490991 0.783973 0.166928
307 0.00379391 0.351158 0.645049
274 0.119242 0.0140937 0.866664
274 0.0839459 0.574012 0.342043
272 0.0878397 0.0675248 0.844635
303 0.0391714 0.284533 0.676295
301 0.150178 0.669512 0.180309
270 0.0522942 0.616658 0.331048
2260 0.168887 0.165456 0.665657
2290 0.477396 0.289429 0.233175
2291 0.159458 0.610639 0.229902
2318 0.246656 0.458148 0.295196
2319 0.30173 0.46777 0.2305
2346 0.197505 0.587916 0.214579
2347 0.274472 0.337951 0.387577
2347 0.37267 0.43674 0.19059
2374 0.262772 0.665673 0.0715554
2375 0.0843633 0.204084 0.711553
2373 0.403821 0.0481002 0.548078
2370 0.293405 0.140936 0.565659
1948 0.0418969 0.340021 0.618082
1949 0.29616 0.325012 0.378828
1946 0.392622 0.0358842 0.571494
1944 0.0645469 0.474142 0.461311
1945 0.27085 0.0405661 0.688584
1942 0.364365 0.545465 0.0901706
1913 0.0430909 0.80364 0.153269
1911 0.497217 0.0497087 0.453075
1908 0.0390145 0.76352 0.197466
1879 0.474681 0.332717 0.192602
1879 0.0468301 0.347177 0.605993
1847 0.643955 0.274401 0.0816436
1847 0.301775 0.144135 0.55409
1815 0.790215 0.0199409 0.189844
1814 0.435672 0.342384 0.221944
435 0.657923 0.0118079 0.330269
435 0.0398161 0.680633 0.279551
405 0.473749 0.320295 0.205956
374 0.140214 0.106174 0.753612
405 0.591254 0.376168 0.0325781
405 0.0957502 0.738277 0.165973
375 0.559605 0.0896558 0.35074
375 0.0938942 0.348286 0.55782
344 0.374502 0.436006 0.189491
343 0.0980155 0.827241 0.0747438
312 0.341006 0.0671729 0.591821
312 0.781394 0.0423608 0.176245
280 0.0962327 0.223347 0.68042
280 0.417424 0.39585 0.186726
279 0.307585 0.331444 0.360971
279 0.102506 0.0300511 0.867442
246 0.0162018 0.462876 0.520923
245 0.871784 0.0863407 0.0418754
244 0.139072 0.541478 0.31945
242 0.138055 0.131846 0.730099
242 0.0283609 0.871061 0.100579
271 0.122576 0.369397 0.508027
2263 0.0675801 0.0646923 0.867728
2292 0.181421 0.690986 0.127593
2293 0.48378 0.305861 0.210359
2323 0.0671815 0.354161 0.578658
2350 0.397904 0.578123 0.0239732
2351 0.0957015 0.475979 0.42832
2378 0.473199 0.447278 0.0795226
2376 0.0680286 0.396363 0.535608
2376 0.116531 0.0420531 0.841416
2406 0.83296 0.00861822 0.158422
2404 0.574702 0.00959318 0.415704
2402 0.352579 0.0360022 0.611419
2400 0.150496 0.107949 0.741555
2401 0.0680055 0.734254 0.197741
1979 0.242738 0.550765 0.206497
1977 0.454074 0.266163 0.279763
1974 0.305787 0.109129 0.585084
1972 0.0486666 0.569834 0.3815
1972 0.769801 0.105564 0.124634
1941 0.555606 0.25527 0.189124
1938 0.0601018 0.486448 0.453451
1938 0.667609 0.30088 0.0315112
1906 0.208319 0.201633 0.590049
1906 0.714115 0.203681 0.0822035
1874 0.156473 0.285318 0.558209
1845 0.195518 0.713004 0.0914774
1842 0.154623 0.56447 0.280907
1812 0.422546 0.00310646 0.574348
436 0.103614 0.209354 0.687031
437 0.175528 0.572877 0.251595
407 0.472968 0.355282 0.171749
377 0.5 0.5 0
407 0.460146 0.453822 0.0860312
376 0.151007 0.0555034 0.79349
377 0.198654 0.349105 0.452241
346 0.397498 0.347701 0.254801
345 0.127413 0.828221 0.0443655
314 0.402791 0.0150878 0.582121
315 0.111885 0.0906821 0.797433
283 0.574256 0.160077 0.265667
221 0.965942 0.0281576 0.00590014
250 0.249253 0.152712 0.598036
250 0.43354 0.51575 0.0507101
249 0.205188 0.254261 0.540551
247 0.0323557 0.782529 0.185115
216 0.125044 0.791137 0.083819
214 0.183431 0.448589 0.36798
213 0.498654 0.224086 0.27726
212 0.449138 0.549075 0.00178659
210 0.302849 0.355798 0.341353
2265 0.0798607 0.350097 0.570042
2294 0.164481 0.252556 0.582963
2324 0.561521 0.100074 0.338405
2352 0.0172491 0.917676 0.0650751
2353 0.463814 0.271539 0.264647
2380 0.127378 0.503585 0.369037
2381 0.229362 0.699016 0.0716212
2408 0.436277 0.132394 0.431329
2409 0.395722 0.454199 0.15008
2436 0.395844 0.382871 0.221285
2434 0.226844 0.24631 0.526846
2432 0.107336 0.135109 0.757556
2430 0.00849109 0.0836281 0.907881
2431 0.0893353 0.885306 0.0253588
2009 0.1775 0.780998 0.0415015
2007 0.287075 0.56939 0.143535
2005 0.425478 0.258182 0.31634
2002 0.398104 0.164449 0.437446
2000 0.198687 0.675645 0.125668
1971 0.0539492 0.711158 0.234892
1968 0.642531 0.0237797 0.333689
1937 0.696914 0.160022 0.143064
1937 0.089867 0.263616 0.646517
1905 0.527439 0.257998 0.214564
1905 0.029105 0.143543 0.827352
1873 0.290171 0.183358 0.526471
1840 0.124643 0.13719 0.738167
1811 0.575825 0.382744 0.0414317
1810 0.769585 0.100479 0.129936
439 0.288898 0.540038 0.171064
440 0.814333 0.165325 0.0203418
410 0.228987 0.758936 0.0120764
409 0.28824 0.638835 0.0729252
379 0.547518 0.177408 0.275074
348 0.232806 0.301734 0.46546
349 0.135352 0.0190214 0.845627
317 0.513694 0.251314 0.234992
286 0.284913 0.566548 0.14854
285 0.384803 0.443239 0.171958
254 0.0537456 0.637833 0.308422
253 0.442097 0.303996 0.253908
253 0.0327436 0.193628 0.773628
220 0.377515 0.0955793 0.526906
219 0.141243 0.682932 0.175825
218 0.944278 0.0382052 0.0175171
186 0.135737 0.596443 0.267821
185 0.521376 0.0179875 0.460636
183 0.456042 0.262242 0.281717
182 0.0229321 0.84448 0.132588
180 0.367233 0.432827 0.19994
2267 0.138682 0.637729 0.223589
2326 0.132121 0.829733 0.0381455
2327 0.412914 0.47488 0.112206
2354 0.0818996 0.210924 0.707176
2385 0.328338 0.13441 0.537252
2414 0.692978 0.00539344 0.301628
2410 0.0635389 0.141284 0.795177
2441 0.235366 0.0417198 0.722914
2438 0.0245701 0.127583 0.847847
2469 0.0775904 0.218158 0.704251
2467 0.135211 0.512664 0.352125
2465 0.146039 0.775234 0.0787277
2492 0.861428 0.0441228 0.0944494
2491 0.117873 0.0490919 0.833035
2069 0.0977845 0.0401877 0.862028
2066 0.90124 0.0888643 0.00989543
2035 0.135084 0.657089 0.207826
2033 0.222611 0.273927 0.503462
2030 0.65612 0.223163 0.120717
1999 0.531372 0.165808 0.30282
1996 0.23545 0.554255 0.210295
1967 0.0478491 0.641505 0.310646
1964 0.616187 0.280536 0.103276
1933 0.505975 0.00231422 0.49171
1900 0.108058 0.0686215 0.823321
1900 0.622229 0.319328 0.0584432
1868 0.120527 0.633107 0.246365
1838 0.484877 0.180006 0.335117
1809 0.156813 0.225353 0.617834
1839 0.00767278 0.140126 0.852201
412 0.626845 0.372017 0.00113774
412 0.319157 0.618373 0.0624692
380 0.498642 0.0713762 0.429982
381 0.199057 0.52935 0.271593
350 0.602334 0.0041173 0.393549
320 0.366637 0.599946 0.033417
318 0.115075 0.310271 0.574654
288 0.687935 0.188306 0.123759
256 0.222356 0.201186 0.576457
255 0.158506 0.733777 0.107717
224 0.382569 0.379284 0.238147
223 0.0860636 0.572014 0.341923
191 0.685555 0.278569 0.0358754
190 0.704832 0.231141 0.0640271
189 0.0429967 0.244046 0.712957
156 0.278106 0.160624 0.56127
155 0.454475 0.216896 0.32863
153 0.368332 0.380558 0.25111
151 0.379533 0.406369 0.214098
2268 0.522312 0.208316 0.269372
2301 0.0166782 0.296408 0.686914
2328 0.0793431 0.38243 0.538227
2359 0.41529 0.0603141 0.524396
2386 0.160891 0.472452 0.366657
2416 0.774087 0.0429714 0.182941
2726 0.480821 0.279709 0.23947
2442 0.317322 0.262098 0.420579
2734 0.186635 0.246033 0.567331
2471 0.103261 0.804706 0.0920336
2498 0.44875 0.143239 0.408011
2497 0.510659 0.295296 0.194045
2524 0.577851 0.300823 0.121326
2523 0.300866 0.0285038 0.67063
2521 0.15057 0.254206 0.595224
2099 0.0028237 0.353867 0.643309
2094 0.122428 0.683237 0.194335
2063 0.805972 0.115457 0.0785704
2060 0.196431 0.239388 0.564182
2060 0.636994 0.223347 0.139659
2026 0.0192842 0.337616 0.643099
2026 0.847903 0.0630243 0.0890729
1995 0.384937 0.117745 0.497318
1963 0.6649 0.197413 0.137687
1960 0.000281113 0.820425 0.179294
1931 0.0320421 0.485705 0.482252
1899 0.440538 0.234886 0.324576
1866 0.142005 0.0682256 0.789769
1837 0.377894 0.434114 0.187993
1804 0.0276907 0.283029 0.68928
444 0.498949 0.231813 0.269239
414 0.69716 0.0592857 0.243555
414 0.421852 0.362972 0.215176
384 0.160518 0.762378 0.0771039
352 0.166951 0.0724317 0.760617
322 0.0434492 0.611236 0.345315
321 0.12656 0.769843 0.103597
291 0.354454 0.0812985 0.564247
259 0.729831 0.178233 0.0919356
259 0.0109375 0.20875 0.780312
227 0.37703 0.159676 0.463295
195 0.792713 0.040567 0.16672
194 0.640384 0.206346 0.15327
162 0.326153 0.40161 0.272238
100 0.0441327 0.682944 0.272924
159 0.107737 0.581779 0.310484
126 0.191478 0.105055 0.703467
125 0.352114 0.535623 0.112262
123 0.213639 0.609209 0.177152
91 0.306265 0.268163 0.425572
2270 0.346222 0.231747 0.422031
2301 0.335395 0.19042 0.474184
2363 0.0219131 0.0536489 0.924438
2390 0.575147 0.334494 0.0903591
2389 0.60314 0.160529 0.236331
2419 0.107094 0.794907 0.0979984
2447 0.398805 0.154827 0.446368
2474 0.52651 0.0287381 0.444752
2738 0.435156 0.0633927 0.501452
2501 0.610794 0.308528 0.0806778
2528 0.319261 0.254984 0.425755
2527 0.621145 0.333098 0.045757
2555 0.28522 0.130214 0.584566
2553 0.471816 0.1769 0.351284
2551 0.153867 0.571474 0.274659
2126 0.125031 0.22067 0.6543
2125 0.506819 0.170726 0.322454
2122 0.588976 0.326398 0.0846261
2091 0.330744 0.312942 0.356314
2088 0.67898 0.187891 0.133129
2059 0.0384482 0.540202 0.42135
2057 0.0502529 0.0626228 0.887124
2025 0.213807 0.292648 0.493545
1990 0.0685556 0.294888 0.636556
1988 0.116439 0.838057 0.045503
1959 0.150713 0.0795075 0.76978
1926 0.49832 0.152845 0.348834
1894 0.173662 0.396868 0.42947
1865 0.203969 0.166801 0.629229
1835 0.581984 0.403895 0.0141208
1837 0.113474 0.720822 0.165704
1832 0.526928 0.456002 0.0170704
417 0.427591 0.0902105 0.482198
385 0.765983 0.202671 0.0313464
385 0.578093 0.10908 0.312826
324 0.303219 0.558086 0.138695
323 0.652939 0.133385 0.213676
262 0.230845 0.48813 0.281025
261 0.0362705 0.564786 0.398944
229 0.283249 0.677871 0.0388797
198 0.386509 0.385816 0.227674
197 0.0500868 0.551635 0.398279
165 0.577948 0.115002 0.307051
132 0.119225 0.0369321 0.843843
132 0.595852 0.313246 0.0909027
130 0.937734 0.0303747 0.0318908
98 0.289701 0.669874 0.0404254
95 0.407459 0.51587 0.076671
94 0.400552 0.251867 0.347581
91 0.220649 0.278864 0.500487
2273 0.472773 0.492623 0.0346033
2333 0.0348724 0.082998 0.88213
2363 0.628261 0.154975 0.216765
2393 0.273627 0.127532 0.598841
2420 0.247654 0.00173566 0.75061
2451 0.565782 0.369417 0.0648004
2736 0.482828 0.184822 0.332349
2507 0.307078 0.25769 0.435233
2742 0.2145 0.452365 0.333134
2533 0.336803 0.489647 0.173549
2561 0.297365 0.205482 0.497153
2588 0.826807 0.049733 0.12346
2584 0.20971 0.119023 0.671267
2612 0.41152 0.279443 0.309037
2611 0.134775 0.0979144 0.76731
2157 0.939059 0.051301 0.00963966
2155 0.318074 0.652732 0.0291945
2150 0.0653289 0.617896 0.316775
2121 0.453806 0.277244 0.26895
2118 0.629812 0.170138 0.200049
2087 0.366739 0.267506 0.365755
2082 0.342254 0.580943 0.0768026
2052 0.450216 0.175983 0.373801
2020 0.2832 0.050202 0.666598
1989 0.0469047 0.785386 0.167709
1957 0.294558 0.703535 0.00190695
1954 0.449227 0.453602 0.0971707
1924 0.211205 0.109157 0.679638
1895 0.0948977 0.622194 0.282909
1865 0.192982 0.432615 0.374404
1830 0.0163613 0.449012 0.534627
1830 0.226958 0.492629 0.280412
418 0.52187 0.0546723 0.423457
388 0.724441 0.107745 0.167814
357 0.176132 0.481711 0.342157
326 0.817369 0.0644179 0.118213
295 0.274063 0.289245 0.436692
264 0.82176 0.113262 0.0649779
233 0.217892 0.293494 0.488614
201 0.606855 0.0772755 0.315869
168 0.0249405 0.057407 0.917653
138 0.0808172 0.905357 0.0138262
136 0.384467 0.341595 0.273938
135 0.0566511 0.247319 0.69603
103 0.457362 0.0369508 0.505687
101 0.00421002 0.481498 0.514292
68 0.431603 0.102357 0.46604
67 0.171457 0.112311 0.716231
902 0.382455 0.589871 0.0276738
930 0.935016 0.000694572 0.0642898
2275 0.821809 0.123119 0.0550721
2367 0.336889 0.201169 0.461942
2426 0.413153 0.254823 0.332024
2454 0.226018 0.484465 0.289518
2452 0.376032 0.440137 0.183831
2481 0.437985 0.0199615 0.542054
2508 0.387906 0.197611 0.414483
2538 0.374035 0.0544764 0.571489
2535 0.770412 0.207053 0.0225344
2564 0.478567 0.460828 0.0606056
2590 0.278551 0.207107 0.514342
2618 0.387225 0.395408 0.217367
2617 0.432699 0.481235 0.0860662
2614 0.0464535 0.388171 0.565376
2640 0.162765 0.588471 0.248764
2672 0.637825 0.174973 0.187202
871 5.51003e-15 1 4.37096e-15
2218 0.342398 0.427058 0.230544
2246 0.724702 0.00702531 0.268272
2187 0.376703 0.553059 0.0702387
2215 0.177755 0.462947 0.359298
2185 0.448032 0.371611 0.180357
2212 0.632861 0.195229 0.171909
2181 0.300385 0.226319 0.473296
2149 0.161889 0.706786 0.131325
2146 0.213766 0.518685 0.267549
2114 0.257518 0.0977757 0.644707
2083 0.770626 0.196965 0.0324095
2080 0.158229 0.593222 0.248549
2048 0.0215814 0.466833 0.511585
2048 0.767415 0.232063 0.000522265
2016 0.564379 0.273684 0.161937
1984 0.363761 0.314378 0.32186
1952 0.138715 0.436285 0.425
1923 0.121921 0.362795 0.515283
1890 0.218633 0.273069 0.508297
1439 0.0185012 0.499122 0.482377
1407 0.455777 0.0638472 0.480376
1404 0.310909 0.53981 0.149281
1375 0.509819 0.123653 0.366528
328 0.428919 0.0161476 0.554933
298 0.400955 0.535647 0.0633983
266 0.311215 0.22905 0.459734
235 0.504976 0.412491 0.082533
204 0.368082 0.44267 0.189247
172 0.169589 0.40168 0.428731
171 0.0946401 0.551491 0.353869
139 0.40173 0.36588 0.232391
107 0.76284 0.0623857 0.174775
105 0.154305 0.786813 0.0588819
73 0.516806 0.472291 0.0109029
42 0.0635626 0.934071 0.00236615
39 0.470017 0.468509 0.0614746
37 0.290353 0.513848 0.195798
907 0.0671805 0.671622 0.261198
4 0.499894 0.248614 0.251492
931 0.402827 0.264108 0.333065
2398 0.60137 0.06102 0.33761
2399 0.548826 0.352423 0.0987512
2427 0.719265 0.191997 0.0887378
2454 0.101431 0.00958344 0.888985
2483 0.632555 0.138083 0.229362
2510 0.228248 0.0482329 0.723519
2538 0.119421 0.279782 0.600797
2566 0.0778415 0.486089 0.43607
2595 0.54541 0.262304 0.192286
2623 0.468375 0.129906 0.401719
2651 0.346855 0.0153018 0.637844
2648 0.439141 0.0944003 0.466459
2677 0.0759154 0.727651 0.196434
811 0.3599 0.462798 0.177302
843 0.228396 0.540503 0.231101
875 0.355089 0.241648 0.403263
2244 0.25007 0.170232 0.579698
2240 0.255553 0.456071 0.288375
2209 0.610257 0.0529543 0.336788
2177 0.46326 0.489223 0.0475172
2177 0.144006 0.196181 0.659813
2145 0.0699359 0.581097 0.348967
2113 0.0570876 0.877356 0.0655566
2110 0.800592 0.116965 0.0824433
2079 0.351671 0.326247 0.322082
2047 0.44688 0.408373 0.144748
2015 0.597429 0.397818 0.00475339
2012 0.248353 0.637398 0.114249
1983 0.0307105 0.173895 0.795395
1950 0.339339 0.379166 0.281494
1499 0.0587339 0.300426 0.64084
1466 0.529504 0.0346686 0.435827
1435 0.526994 0.0115859 0.46142
1432 0.161916 0.66849 0.169593
1402 0.283206 0.0870255 0.629769
1371 0.740929 0.148109 0.110962
1366 0.0288312 0.770486 0.200683
269 0.0385469 0.346476 0.614977
237 0.156693 0.558571 0.284736
176 0.073914 0.892227 0.0338591
175 0.0942036 0.149441 0.756355
143 0.276424 0.105414 0.618162
110 0.486193 0.0530752 0.460732
139 0.232118 0.612005 0.155877
77 0.160701 0.388137 0.451162
44 0.467204 0.0291699 0.503626
73 0.00888615 0.972107 0.0190068
10 0.128439 0.374871 0.49669
938 0.137263 0.771056 0.091681
936 0.1131 0.663144 0.223756
935 0.845851 0.13095 0.0231987
963 0.75931 0.164445 0.0762452
991 0.436906 0.416159 0.146935
1053 0.118451 0.173613 0.707936
2459 0.724774 0.0202417 0.254984
2486 0.11949 0.15187 0.72864
2514 0.37051 0.00192164 0.627568
2542 0.269017 0.111493 0.61949
2570 0.222791 0.211537 0.565672
2598 0.231386 0.320757 0.447857
2626 0.297019 0.402529 0.300453
2654 0.391748 0.507348 0.100904
2683 0.139722 0.376869 0.483409
721 0.349183 0.607393 0.0434234
783 0.332797 0.0310466 0.636157
812 0.682711 0.228687 0.0886016
812 0.181115 0.12118 0.697705
845 0.0132364 0.31264 0.674124
876 0.373478 0.376458 0.250063
878 0.309619 0.469295 0.221086
2236 0.121513 0.0444842 0.834003
2234 0.267755 0.639189 0.0930565
2205 0.430418 0.0299542 0.539628
2204 0.113277 0.807399 0.0793242
2141 0.732738 0.129693 0.137569
2138 0.654064 0.292028 0.0539084
2106 0.685333 0.0377131 0.276954
2075 0.559028 0.210471 0.230502
2043 0.695442 0.1781 0.126457
2010 0.0139349 0.0432326 0.942833
2010 0.406127 0.56184 0.0320326
1559 0.0447485 0.0665771 0.888674
1526 0.570245 0.217443 0.212312
1494 0.414344 0.241634 0.344021
1462 0.298635 0.19849 0.502875
1463 0.0492736 0.0525877 0.898139
1431 0.142825 0.212539 0.644636
1399 0.221886 0.422411 0.355704
1367 0.308976 0.657309 0.0337149
1364 0.629977 0.0621626 0.30786
209 0.468941 0.156276 0.374783
177 0.527918 0.39423 0.0778524
146 0.762286 0.131915 0.1058
114 0.64466 0.158295 0.197045
112 0.188206 0.232735 0.579059
50 0.206613 0.576096 0.217291
48 0.729988 0.110294 0.159718
46 0.191099 0.383493 0.425408
915 0.134012 0.607699 0.258289
913 0.422974 0.518293 0.0587325
941 0.35725 0.0517956 0.590955
968 0.329707 0.417972 0.252321
996 0.306112 0.669344 0.0245446
995 0.722163 0.18093 0.0969074
1023 0.795678 0.0640373 0.140284
1083 0.573359 0.0610532 0.365587
1110 0.255188 0.142913 0.6019
2518 0.0878775 0.315196 0.596927
2549 0.0469846 0.578259 0.374756
2577 0.111973 0.543335 0.344692
2602 0.23477 0.168856 0.596375
2630 0.324357 0.110516 0.565128
2658 0.440655 0.127848 0.431498
2686 0.566933 0.282655 0.150412
661 0.448844 0.214023 0.337134
722 0.481021 0.416538 0.102441
723 0.753739 0.110553 0.135708
786 0.558351 0.351684 0.089965
814 0.25589 0.547549 0.196561
789 0.42873 0.517836 0.0534344
846 0.267502 0.684322 0.0481759
821 0.450868 0.307603 0.241529
852 0.472991 0.0264734 0.500536
884 0.366713 0.440033 0.193255
2232 0.336949 0.0473253 0.615726
2233 0.380431 0.190001 0.429568
2201 0.276532 0.625159 0.098309
2167 0.0758357 0.389203 0.534962
2134 0.0970513 0.75649 0.146459
2070 0.201598 0.00606099 0.792341
2070 0.0927721 0.180267 0.726961
1619 0.380166 0.392479 0.227355
1586 0.0115249 0.148941 0.839534
1557 0.333341 0.60999 0.0566691
1554 0.459647 0.466438 0.0739146
1522 0.275295 0.488081 0.236624
1490 0.129151 0.439006 0.431843
1490 0.752323 0.245453 0.00222332
1458 0.597985 0.134403 0.267612
1427 0.530861 0.0471092 0.42203
1395 0.634367 0.281277 0.0843556
1392 0.281785 0.441751 0.276464
1360 0.228347 0.153217 0.618436
149 0.76656 0.0864938 0.146946
148 0.437322 0.474306 0.0883724
24 0.197722 0.0876812 0.714597
922 0.42559 0.548905 0.0255051
921 0.53269 0.171914 0.295395
51 0.0147283 0.399139 0.586133
919 0.0903229 0.633799 0.275878
947 0.0282894 0.12035 0.851361
945 0.0898583 0.691491 0.218651
1002 0.683066 0.257808 0.0591255
970 0.241864 0.117409 0.640727
1028 0.463746 0.5232 0.0130545
1027 0.648163 0.206669 0.145168
1054 0.210361 0.0255859 0.764053
1117 0.00502581 0.577223 0.417751
1142 0.194664 0.340514 0.464822
1173 0.0246429 0.46098 0.514377
1201 0.221129 0.353512 0.425359
2609 0.297856 0.451799 0.250345
2637 0.134219 0.748041 0.117739
2663 0.651557 0.108711 0.239732
571 0.427974 0.447148 0.124878
632 0.943304 0.00907044 0.0476252
662 0.16362 0.697821 0.138559
665 0.0369724 0.86292 0.100108
726 0.500167 0.333191 0.166642
758 0.61285 0.312481 0.0746693
761 0.308587 0.591986 0.0994272
793 0.270831 0.390166 0.339003
825 0.285565 0.0791021 0.635333
856 0.668291 0.316067 0.015642
856 0.00654165 0.618306 0.375152
861 0.0399301 0.894354 0.065716
891 0.428552 0.337888 0.23356
2225 0.649306 0.187138 0.163556
2163 0.097001 0.424536 0.478463
1708 0.252683 0.410162 0.337155
1676 0.0242555 0.0748546 0.90089
1644 0.261158 0.604789 0.134053
1617 0.100555 0.559551 0.339894
1585 0.38883 0.384182 0.226988
1553 0.627978 0.288986 0.0830364
1550 0.149636 0.749215 0.101149
1521 0.0642812 0.275881 0.659838
1489 0.455939 0.435536 0.108525
1486 0.351422 0.451951 0.196627
1454 0.183199 0.27912 0.53768
1423 0.862622 0.122844 0.0145336
1423 0.023553 0.252168 0.724279
1391 0.0792549 0.580386 0.340359
1384 0.777633 0.206649 0.0157176
1350 0.266518 0.382737 0.350744
927 0.643478 0.0417936 0.314729
954 0.685857 0.0316835 0.28246
923 0.784671 0.141893 0.0734357
950 0.174784 0.333463 0.491753
978 0.180863 0.61714 0.201996
977 0.752905 0.019704 0.227391
1004 0.135046 0.546433 0.318521
975 0.10136 0.640572 0.258068
1032 0.771707 0.0340719 0.194221
1031 0.390575 0.564224 0.045201
1059 0.572892 0.196095 0.231013
1086 0.222578 0.131585 0.645837
1149 0.0931989 0.329151 0.57765
1174 0.071437 0.616642 0.311921
1205 0.253214 0.069822 0.676964
1232 0.415219 0.127355 0.457426
1260 0.113188 0.162328 0.724484
2669 0.260969 0.55217 0.186861
510 0.138931 0.751994 0.109075
572 0.355519 0.592477 0.0520039
604 0.67197 0.124557 0.203472
637 0.0414879 0.227665 0.730847
666 0.210109 0.521453 0.268438
698 0.41721 0.362256 0.220535
730 0.647856 0.232547 0.119597
733 0.156617 0.705128 0.138255
765 0.0895781 0.465941 0.444481
797 0.0492172 0.168663 0.782119
799 0.0357261 0.793768 0.170506
831 0.0797142 0.313044 0.607242
828 0.00303573 0.0150316 0.981933
862 0.230978 0.600655 0.168367
867 0.0405772 0.580551 0.378872
1769 0.0250736 0.406359 0.568567
1736 0.476655 0.376404 0.146942
1704 0.0567651 0.917444 0.0257914
1674 0.634102 0.349019 0.0168787
1643 0.530067 0.13046 0.339474
1610 0.634491 0.186017 0.179491
1581 0.6792 0.0847214 0.236078
1548 0.0230761 0.00414357 0.97278
1549 0.230452 0.0186052 0.750943
1517 0.670673 0.11352 0.215807
1514 0.0988582 0.775418 0.125724
1485 0.170902 0.235966 0.593132
1451 0.864759 0.102351 0.0328904
1450 0.635983 0.0376497 0.326368
1414 0.119678 0.0404977 0.839824
1412 0.257727 0.26036 0.481914
1410 0.56154 0.204402 0.234058
1380 0.0971296 0.4013 0.501571
956 0.202048 0.338717 0.459234
984 0.408359 0.557993 0.0336472
983 0.566562 0.0390141 0.394424
1010 0.322939 0.475852 0.201209
1166 0.0201618 0.73998 0.239858
1036 0.347859 0.412362 0.23978
1035 0.862847 0.0291343 0.108018
1065 0.0477691 0.0929601 0.859271
1063 0.271045 0.608625 0.120329
1091 0.516046 0.155409 0.328545
1118 0.208238 0.27936 0.512402
1180 0.766557 0.0139302 0.219512
1208 0.871652 0.0296694 0.0986789
1236 0.429564 0.480271 0.0901651
1266 0.349158 0.369507 0.281334
1294 0.36772 0.211901 0.420379
457 0.056877 0.902277 0.0408462
487 0.902386 0.00415153 0.0934623
546 0.319822 0.244483 0.435695
576 0.333592 0.240341 0.426067
609 0.264767 0.160425 0.574808
638 0.0495495 0.611494 0.338957
670 0.353058 0.417735 0.229207
2714 0.370252 0.139441 0.490307
2717 0.15156 0.184957 0.663483
734 0.0290495 0.582124 0.388827
766 0.172048 0.762648 0.0653042
768 0.278332 0.0977177 0.62395
800 0.314951 0.594563 0.0904859
802 0.256577 0.241352 0.502071
804 0.121488 0.0648203 0.813692
839 0.380347 0.064449 0.555204
1765 0.313925 0.477495 0.20858
1735 0.0552461 0.636044 0.30871
1702 0.349192 0.00925711 0.64155
1673 0.206606 0.480331 0.313063
1641 0.710685 0.0804446 0.208871
1638 0.0895628 0.361189 0.549249
1609 0.334004 0.414792 0.251204
1608 0.838775 0.100832 0.060393
1576 0.482325 0.165812 0.351863
1544 0.154267 0.157546 0.688187
1544 0.872062 0.0603162 0.0676222
1513 0.373901 0.106559 0.51954
1481 0.566905 0.376516 0.0565798
1479 0.365307 0.168562 0.466131
1474 0.540299 0.329035 0.130666
1444 0.475449 0.229023 0.295528
1442 0.484618 0.433588 0.0817942
1440 0.233667 0.756363 0.00997014
1019 0.0857636 0.0128604 0.901376
1017 0.163349 0.210502 0.626149
1015 0.188108 0.569749 0.242143
1013 0.397828 0.423001 0.179171
1041 0.38568 0.195066 0.419254
1068 0.509282 0.326685 0.164033
1067 0.702536 0.132822 0.164642
1094 0.0153069 0.467997 0.516696
1095 0.18327 0.618451 0.198279
1123 0.498961 0.055537 0.445502
1150 0.151626 0.493958 0.354416
1181 0.880562 0.116124 0.00331367
1211 0.382496 0.45227 0.165234
1238 0.0669329 0.18046 0.752607
1298 0.140662 0.178428 0.68091
1329 0.709049 0.0244553 0.266496
459 0.706006 0.120584 0.17341
489 0.846318 0.0511506 0.102532
521 0.117315 0.803931 0.0787545
551 0.0461862 0.691944 0.26187
581 0.506658 0.145028 0.348315
613 0.00127396 0.489603 0.509123
2700 0.606944 0.0256837 0.367372
645 0.147095 0.520659 0.332246
2721 0.0128471 0.616153 0.371
709 0.568247 0.159769 0.271985
738 0.0035974 0.83686 0.159543
740 0.164873 0.195585 0.639542
743 0.238454 0.518542 0.243004
774 0.821157 0.10365 0.0751933
776 0.257853 0.0754442 0.666703
779 0.467425 0.315592 0.216983
1761 0.760035 0.239447 0.000518012
1760 0.409415 0.493361 0.0972241
1730 0.674627 0.188801 0.136573
1698 0.0130883 0.728956 0.257956
1668 0.417035 0.136853 0.446111
1639 0.137596 0.553385 0.30902
1607 0.642613 0.340262 0.0171254
1607 0.191916 0.701005 0.107078
1604 0.763594 0.0282727 0.208134
1572 0.375075 0.0107767 0.614149
1570 0.0254939 0.908201 0.0663046
1540 0.345684 0.134274 0.520042
1538 0.444638 0.455439 0.0999231
1504 0.0212712 0.313177 0.665552
1477 0.11527 0.683172 0.201558
1475 0.255302 0.323206 0.421492
1473 0.353071 0.0971565 0.549772
1470 0.266808 0.315003 0.418188
1049 0.236101 0.263074 0.500825
1047 0.57038 0.120423 0.309197
1045 0.690722 0.275283 0.0339951
1072 0.142088 0.542899 0.315013
1073 0.0411402 0.697019 0.261841
1100 0.733441 0.0291186 0.23744
1099 0.552336 0.268762 0.178901
1126 0.217058 0.706641 0.0763011
1156 0.711541 0.169871 0.118588
1155 0.717745 0.120232 0.162023
1182 0.0470082 0.777657 0.175335
1245 0.142056 0.410815 0.447129
1272 0.1917 0.502784 0.305516
1302 0.458123 0.436964 0.104913
1303 0.347539 0.608333 0.0441278
1333 0.244808 0.593206 0.161986
463 0.24371 0.489536 0.266754
493 0.350135 0.272713 0.377153
522 0.447436 0.0641005 0.488463
552 0.163539 0.522154 0.314306
584 0.798773 0.0977619 0.103466
585 0.268085 0.461342 0.270573
614 0.186781 0.36435 0.44887
2708 0.885711 0.0932369 0.0210526
649 0.853373 0.0101641 0.136463
681 0.0254612 0.273005 0.701534
681 0.747457 0.119311 0.133232
712 0.479033 0.205798 0.315169
712 0.245544 0.365837 0.388619
717 0.146546 0.809962 0.043492
746 0.0643373 0.753752 0.18191
748 0.478938 0.234754 0.286308
1788 0.752046 0.126653 0.121301
1759 0.150462 0.231206 0.618332
1726 0.0245991 0.410235 0.565166
1697 0.723517 0.0630272 0.213455
1696 0.595862 0.342838 0.0613005
1667 0.0375787 0.339234 0.623187
1635 0.625573 0.106926 0.2675
1634 0.833847 0.0243942 0.141759
1602 0.326019 0.0924547 0.581526
1602 0.86435 0.0637046 0.071945
1600 0.799723 0.124127 0.0761494
1539 0.823915 0.0621161 0.113969
1539 0.173133 0.374169 0.452698
1537 0.236818 0.639545 0.123637
1534 0.218901 0.751086 0.0300136
1505 0.0398665 0.82187 0.138263
1503 0.267047 0.507633 0.22532
1501 0.73202 0.0315527 0.236427
1079 0.359163 0.46874 0.172097
1077 0.9179 0.0548545 0.0272454
1107 0.154739 0.0471737 0.798087
1105 0.413295 0.0896157 0.497089
1103 0.709355 0.169222 0.121423
1133 0.0414122 0.277835 0.680753
1131 0.415936 0.413977 0.170087
1158 0.161492 0.454144 0.384364
1159 0.311153 0.684157 0.0046891
1186 0.178111 0.18257 0.639319
1216 0.620438 0.0428181 0.336744
1276 0.580796 0.265711 0.153493
1277 0.163835 0.640641 0.195523
1304 0.0342256 0.474784 0.49099
1334 0.180116 0.63289 0.186994
1335 0.74428 0.164991 0.0907289
464 0.25453 0.103645 0.641825
494 0.174463 0.456721 0.368816
524 0.0214472 0.900906 0.0776466
524 0.123968 0.285299 0.590733
556 0.485304 0.0974057 0.41729
557 0.531328 0.375896 0.0927758
586 0.0488311 0.463363 0.487806
618 0.000163968 0.841555 0.158281
621 0.491224 0.196686 0.312091
653 0.0194937 0.149082 0.831424
650 0.00230683 0.632149 0.365545
655 0.228914 0.740881 0.0302047
684 0.1178 0.606193 0.276007
686 0.430391 0.0495319 0.520077
689 0.102342 0.565155 0.332503
689 0.576316 0.178318 0.245367
1784 0.212925 0.591603 0.195471
1754 0.262631 0.139102 0.598267
1725 0.597398 0.318295 0.0843075
1724 0.58955 0.148485 0.261965
1695 0.165764 0.479414 0.354822
1692 0.122837 0.827321 0.049842
1662 0.453687 0.053897 0.492416
1633 0.161339 0.808229 0.0304326
1630 0.254106 0.252588 0.493305
1601 0.244292 0.460221 0.295487
1598 0.255724 0.414322 0.329954
1569 0.217814 0.779415 0.00277076
1567 0.653679 0.0630016 0.28332
1567 0.0812612 0.388414 0.530325
1564 0.53122 0.173021 0.295759
1562 0.148915 0.692459 0.158626
1562 0.794551 0.116119 0.0893295
1560 0.235015 0.675049 0.0899364
1138 0.532678 0.325079 0.142244
1139 0.137543 0.132871 0.729586
1136 0.390626 0.149719 0.459655
1134 0.00395694 0.278357 0.717686
1164 0.602536 0.354326 0.0431381
1162 0.162963 0.419344 0.417693
1163 0.314533 0.545025 0.140442
1190 0.169866 0.490172 0.339961
1191 0.387358 0.488808 0.123834
1218 0.00779915 0.551134 0.441067
1248 0.358314 0.580321 0.0613654
1280 0.220951 0.482929 0.29612
1308 0.410597 0.30919 0.280212
1309 0.438762 0.388135 0.173103
1339 0.329448 0.0709971 0.599555
1339 0.263182 0.705085 0.0317325
469 0.263027 0.289609 0.447363
498 0.688965 0.189317 0.121719
499 0.169393 0.329634 0.500973
528 0.397721 0.376281 0.225998
528 0.174596 0.08027 0.745134
561 0.107028 0.124004 0.768968
561 0.150301 0.43989 0.409809
593 0.184525 0.00132693 0.814148
593 0.580018 0.0316073 0.388374
595 0.00853202 0.981327 0.010141
624 0.535509 0.137683 0.326808
624 0.0396929 0.345413 0.614894
627 0.477737 0.377099 0.145165
656 0.0885424 0.84406 0.0673973
658 0.728818 0.0987414 0.172441
1783 0.284899 0.246063 0.469038
1782 0.696821 0.0747231 0.228456
1753 0.256884 0.521526 0.22159
1753 0.165857 0.0706298 0.763514
1723 0.0308894 0.687131 0.28198
1690 0.0799553 0.142755 0.77729
1691 0.643732 0.0866787 0.26959
1690 0.620866 0.111347 0.267787
1661 0.117208 0.348184 0.534609
1658 0.21923 0.687528 0.0932415
1629 0.404734 0.351241 0.244025
1629 0.0095938 0.425521 0.564886
1626 0.415596 0.409757 0.174646
1597 0.137418 0.793373 0.0692093
1595 0.659073 0.0935163 0.247411
1595 0.178727 0.419757 0.401516
1592 0.327829 0.175263 0.496909
1593 0.163435 0.278691 0.557874
1590 0.193179 0.365848 0.440972
1590 0.452811 0.0576543 0.489534
1169 0.312922 0.283088 0.40399
1169 0.0658056 0.68056 0.253634
1167 0.598917 0.366146 0.0349363
1197 0.12576 0.0976871 0.776553
1194 0.327608 0.136162 0.536229
1195 0.267764 0.640024 0.0922125
1222 0.121488 0.562386 0.316126
1223 0.544866 0.208765 0.246368
1252 0.749582 0.0175086 0.232909
1250 0.000269594 0.249809 0.749921
1285 0.388196 0.444446 0.167358
1314 0.670842 0.050857 0.278301
1343 0.0501189 0.12948 0.820401
1345 0.144053 0.121545 0.734402
1345 0.0878625 0.685082 0.227055
475 0.0457207 0.255715 0.698565
475 0.0452232 0.759327 0.19545
505 0.0917373 0.199689 0.708574
505 0.18666 0.560428 0.252912
534 0.677161 0.139547 0.183292
535 0.500414 0.0908198 0.408766
535 0.71363 0.248349 0.0380212
533 0.696 0.271568 0.0324316
564 0.249771 0.268855 0.481374
567 0.552684 0.337911 0.109404
567 0.392797 0.606945 0.000258465
596 0.325474 0.436915 0.237612
596 0.0762754 0.550011 0.373713
599 0.183955 0.317151 0.498894
599 0.447402 0.151339 0.401259
1778 0.328441 0.225994 0.445566
1778 0.311489 0.441252 0.247259
1748 0.0606441 0.21579 0.723566
1748 0.371217 0.0845696 0.544214
1748 0.461202 0.375312 0.163486
1718 0.462741 0.151227 0.386032
1718 0.617131 0.339914 0.0429555
1689 0.205022 0.515314 0.279664
1686 0.00667112 0.581598 0.411731
1686 0.228991 0.655986 0.115023
1657 0.485039 0.392674 0.122287
1657 0.202331 0.440669 0.357
1654 0.101839 0.463185 0.434975
1654 0.434575 0.298106 0.267319
1654 0.777406 0.107565 0.115029
1652 0.12777 0.871353 0.000877318
1623 0.504765 0.429268 0.065967
1623 0.134156 0.744359 0.121485
1621 0.866039 0.0122995 0.121662
1621 0.683235 0.231546 0.0852192
1621 0.503393 0.47879 0.0178169
1228 0.699364 0.200044 0.100593
1229 0.112406 0.14188 0.745714
1226 0.0819281 0.469577 0.448495
1227 0.598994 0.0835403 0.317466
1227 0.298365 0.67288 0.0287546
1257 0.0348845 0.245916 0.719199
1254 0.194346 0.180313 0.62534
1284 0.371748 0.619295 0.00895773
1284 0.521289 0.0771367 0.401574
1316 0.131303 0.778824 0.0898729
1316 0.126485 0.589095 0.28442
1317 0.855182 0.0210036 0.123814
1346 0.24083 0.478737 0.280433
1346 0.286432 0.281929 0.431639
476 0.307343 0.0110756 0.681582
477 0.688633 0.21834 0.0930273
506 0.299646 0.551922 0.148432
506 0.266033 0.320919 0.413048
506 0.21497 0.121125 0.663906
507 0.851461 0.0305913 0.117947
536 0.0822312 0.814448 0.103321
536 0.00104809 0.701226 0.297726
539 0.0879684 0.406753 0.505279
539 0.186561 0.473045 0.340394
539 0.292785 0.507504 0.199712
539 0.403536 0.527188 0.0692753
1777 0.0451691 0.306226 0.648605
1777 0.138739 0.118214 0.743048
1776 0.789071 0.0611112 0.149818
1776 0.727986 0.228782 0.0432327
1747 0.289373 0.62428 0.0863466
1747 0.299086 0.378304 0.322609
1747 0.262548 0.181163 0.556289
1746 0.784106 0.00867678 0.207217
1717 0.139797 0.836592 0.0236105
1717 0.0653085 0.68582 0.248872
1714 0.0383123 0.412883 0.548805
1714 0.163422 0.484227 0.352351
1714 0.318783 0.512999 0.168219
1714 0.488075 0.511529 0.000396009
1685 0.337574 0.509354 0.153072
1685 0.156945 0.550082 0.292973
1682 0.0396338 0.368053 0.592313
1682 0.25418 0.245623 0.500197
1682 0.47537 0.0853213 0.439308
1683 0.301147 0.0800001 0.618853
1683 0.0724767 0.275664 0.65186
1680 0.0658776 0.592002 0.342121
1680 0.173176 0.459165 0.367659
1680 0.282037 0.305617 0.412346
1680 0.389567 0.140432 0.470001
1259 0.424286 0.13516 0.440554
