20685 0.0171957 0.854043 0.128762
24782 0.0150472 0.56655 0.418403
20683 0.431551 0.057049 0.5114
24824 0.419109 0.0740022 0.506889
24785 0.324603 0.152933 0.522464
24781 0.272059 0.474046 0.253895
20812 0.297949 0.610752 0.0912991
20712 0.0281104 0.209658 0.762231
20793 0.300522 0.0388906 0.660588
20714 0.610511 0.200267 0.189222
24819 0.00299381 0.28245 0.714556
20686 0.0662928 0.0186107 0.915097
20717 0.579417 0.0312089 0.389374
24780 0.636214 0.0127215 0.351065
20713 0.555295 0.355259 0.0894459
24800 0.506536 0.137991 0.355473
18680 0.632985 0.0367934 0.330221
24800 0.119027 0.370797 0.510176
20712 0.0602298 0.635315 0.304455
20714 0.338647 0.535967 0.125387
24800 0.493485 0.391828 0.114687
24589 0.522996 0.435363 0.0416402
24588 0.333859 0.66437 0.00177082
20713 0.101692 0.0550027 0.843305
20580 0.648242 0.0859766 0.265781
24799 0.0487391 0.670321 0.28094
24801 0.273422 0.00900088 0.717577
4423 0.540503 0.372344 0.0871533
24803 0.219668 0.767294 0.0130376
4701 0.697461 0.154755 0.147784
20792 0.527418 0.061802 0.41078
20672 0.59201 0.404472 0.00351822
24790 0.13142 0.0589401 0.80964
6366 0.598118 0.157673 0.244209
24600 0.784022 0.0735059 0.142472
18769 0.198337 0.377806 0.423857
24594 0.0756147 0.658545 0.26584
24588 0.0497469 0.0999285 0.850325
24786 0.022953 0.522603 0.454444
20719 0.61652 0.152975 0.230505
20578 0.113898 0.201274 0.684828
24798 0.249119 0.598779 0.152102
24800 0.245026 0.51473 0.240244
24594 0.786417 0.190069 0.0235142
24802 0.187526 0.430719 0.381755
19233 0.124526 0.352132 0.523342
20723 0.353212 0.62451 0.0222779
24623 0.201695 0.144362 0.653943
6373 0.0129326 0.0803679 0.9067
4424 0.774112 0.115927 0.109961
4702 0.154951 0.223946 0.621103
20715 0.173783 0.792539 0.0336778
20723 0.00750883 0.502398 0.490093
24817 0.259001 0.704366 0.0366335
24528 0.0773603 0.165529 0.757111
18638 0.717447 0.184332 0.0982206
19033 0.730007 0.0516778 0.218315
20794 0.690892 0.0906658 0.218442
20581 0.612273 0.142939 0.244788
18770 0.576913 0.178023 0.245064
24804 0.0346829 0.157681 0.807636
24799 0.333965 0.43837 0.227665
19035 0.38374 0.230703 0.385557
20965 0.33898 0.0169939 0.644026
4420 0.16185 0.297996 0.540154
6373 0.123446 0.477652 0.398902
4416 0.258088 0.461576 0.280336
4736 0.336896 0.0390099 0.624095
20942 0.146222 0.560954 0.292824
24622 0.56244 0.298366 0.139194
20714 0.0240583 0.382783 0.593158
24626 0.4744 0.360481 0.16512
18769 0.205977 0.0293997 0.764623
24800 0.368107 0.548995 0.0828988
20681 0.503226 0.486803 0.00997104
24532 0.108051 0.0879064 0.804042
20581 0.348123 0.201619 0.450258
4698 0.574429 0.253437 0.172134
19233 0.719946 0.171073 0.108981
20795 0.290541 0.207559 0.5019
20721 0.412537 0.194633 0.39283
2519 0.0660372 0.0294745 0.904488
6362 0.494504 0.0712979 0.434198
2365 0.498945 0.30836 0.192695
20673 0.216319 0.253494 0.530186
24572 0.0776403 0.0502867 0.872073
20581 0.418795 0.385149 0.196056
18771 0.0725983 0.673529 0.253873
19035 0.254582 0.668988 0.0764301
24809 0.189832 0.0741593 0.736009
21029 0.532656 0.259869 0.207476
3265 0.385051 0.456678 0.158271
21069 0.142939 0.73751 0.11955
20715 0.394681 0.067921 0.537398
20715 0.179636 0.545507 0.274857
6507 0.794866 0.0745988 0.130535
21070 0.797516 0.118927 0.0835563
24638 0.202376 0.125106 0.672519
24638 0.477695 0.245916 0.27639
2481 0.4417 0.220746 0.337554
24774 0.423614 0.562341 0.0140446
2520 0.170396 0.697405 0.132199
24638 0.851932 0.0783328 0.0697349
3267 0.0012133 0.0283938 0.970393
5528 0.339842 0.117615 0.542543
2480 0.460204 0.207471 0.332325
4367 0.322328 0.359709 0.317963
20723 0.252028 0.289683 0.458289
4405 0.135967 0.627002 0.23703
20688 0.399321 0.297002 0.303677
20848 0.392179 0.123556 0.484265
24617 0.551488 0.247541 0.200971
6507 0.0815437 0.119917 0.79854
24779 0.621201 0.0181896 0.36061
3265 0.00506841 0.866134 0.128798
24603 0.289478 0.324827 0.385695
24638 0.0906448 0.559474 0.349881
20677 0.293214 0.671275 0.0355108
24601 0.415495 0.0655356 0.518969
20941 0.418844 0.455969 0.125187
20794 0.372691 0.467005 0.160304
2973 0.465148 0.344998 0.189854
5528 0.687354 0.0323247 0.280322
21817 0.341945 0.521068 0.136987
24627 0.055391 0.161306 0.783303
24627 0.14549 0.646914 0.207596
24787 0.723233 0.255549 0.021218
6370 0.0573519 0.593929 0.348719
6370 0.297175 0.0812326 0.621593
4411 0.121766 0.0050999 0.873134
18601 0.227639 0.0599802 0.71238
2477 0.287875 0.059726 0.652399
18675 0.473204 0.0701081 0.456688
3060 0.448598 0.442269 0.109133
18770 0.525464 0.286122 0.188413
24622 0.0835607 0.0508192 0.86562
4425 0.749709 0.187246 0.0630454
2477 0.703067 0.053651 0.243282
19036 0.52607 0.40803 0.0658998
24799 0.219853 0.0197433 0.760404
2738 0.0162256 0.0735407 0.910234
19035 0.045283 0.72043 0.234287
4585 0.297648 0.0284991 0.673852
5797 0.188519 0.00176999 0.809711
18770 0.227575 0.0995536 0.672871
20721 0.134388 0.277907 0.587705
18764 0.26529 0.504171 0.230539
24627 0.298221 0.320784 0.380995
3047 0.730113 0.0608735 0.209013
2519 0.78687 0.0580494 0.155081
20576 0.211445 0.252746 0.535809
2477 0.0489125 0.142114 0.808973
3427 0.786976 0.0381355 0.174889
20715 0.176234 0.612126 0.21164
24627 0.0291466 0.527641 0.443212
24636 0.352326 0.531968 0.115706
2518 0.280757 0.322028 0.397215
3424 0.618692 0.298283 0.0830244
24602 0.0478466 0.19598 0.756173
2520 0.0463271 0.296418 0.657255
24638 0.0590457 0.0145731 0.926381
4734 0.087502 0.777636 0.134862
24560 0.00178955 0.202802 0.795408
20762 0.247212 0.0791278 0.67366
24529 0.193122 0.144662 0.662216
2477 0.520487 0.0546376 0.424875
19600 0.690772 0.206296 0.102932
2733 0.688256 0.276323 0.0354219
24648 0.0914853 0.527583 0.380932
19036 0.0424435 0.888905 0.0686515
4370 0.0463097 0.0916032 0.862087
6370 0.0171461 0.344369 0.638485
4373 0.383512 0.486705 0.129783
24787 0.307675 0.302009 0.390316
20962 3.73027e-06 1.10147e-06 0.999995
3691 0.00106208 0.118927 0.880011
4370 0.62133 0.15863 0.22004
4763 0.363176 0.611484 0.0253408
22119 0.306504 0.574997 0.118499
2970 0.609199 0.0336469 0.357154
2477 0.125318 0.217742 0.65694
4425 0.00924734 0.803608 0.187145
4371 0.0381281 0.181982 0.77989
20808 0.428101 0.00283608 0.569063
6507 0.00859935 0.294457 0.696943
2733 0.268034 0.0397243 0.692242
24800 0.318045 0.645526 0.0364297
22092 0.310349 0.330565 0.359087
20947 0.789821 0.0487462 0.161433
18670 0.216249 0.632538 0.151213
18770 0.5977 0.309521 0.0927794
3045 0.021329 0.483705 0.494966
20687 0.592468 0.272147 0.135385
20963 0.671199 0.150385 0.178416
2733 0.099813 0.0430981 0.857089
20930 0.509502 0.415402 0.075095
18603 0.370335 0.400508 0.229157
3425 0.643355 0.110009 0.246635
18762 0.170522 0.0385186 0.790959
2971 0.0272643 0.509724 0.463011
18770 0.421648 0.294721 0.283632
18676 0.328175 0.00979332 0.662032
2477 0.290781 0.217338 0.491881
20715 0.0690313 0.374047 0.556921
20581 0.371758 0.626386 0.00185683
6507 0.512611 0.202746 0.284643
20573 0.0603709 0.67728 0.262349
20794 0.298145 0.177942 0.523913
19036 0.766597 0.0647446 0.168658
24627 0.0471895 0.045948 0.906863
24798 0.0095302 0.26292 0.72755
20688 0.120483 0.374942 0.504575
6509 0.0920747 0.581092 0.326833
2477 0.690906 0.184273 0.124821
20757 0.805529 0.133299 0.0611714
20723 0.0583059 0.20811 0.733584
4414 0.649049 0.257371 0.0935803
22119 0.262484 0.0191007 0.718416
2518 0.623836 0.0464816 0.329682
20722 0.834796 0.0673722 0.0978313
2477 0.0391842 0.180913 0.779903
20715 0.134103 0.471636 0.394262
24627 0.215935 0.0471538 0.736912
24629 0.492277 0.325534 0.18219
24933 0.420561 0.114808 0.464631
2831 4.74728e-06 3.83134e-06 0.999991
6361 0.773501 0.128711 0.0977871
20723 0.547427 0.192289 0.260284
20872 0.115733 0.046879 0.837388
18601 0.265527 0.237397 0.497075
24628 0.863098 0.00622475 0.130677
20715 0.104819 0.803832 0.0913489
24642 0.37869 0.244492 0.376818
18683 0.642508 0.277456 0.080036
20929 0.0358888 0.803281 0.16083
18642 0.0791493 0.173332 0.747519
19601 0.288956 0.07497 0.636074
2975 0.0177113 0.740875 0.241413
4704 0.444364 0.175042 0.380594
19326 0.511343 0.204031 0.284627
2733 0.411927 0.270824 0.317248
24529 0.125284 0.589638 0.285078
2732 0.749999 0.161922 0.0880788
3268 0.716401 0.260237 0.0233621
2363 0.112136 0.73324 0.154624
4401 0.587494 0.0180913 0.394415
20723 0.283643 0.0500555 0.666302
24614 0.869357 0.0704543 0.0601888
4369 0.146837 0.517024 0.336139
2517 0.447873 0.00535271 0.546774
20715 0.0287239 0.74554 0.225736
24528 0.705853 0.182955 0.111191
4368 0.488743 0.1244 0.386857
24944 0.518126 0.172726 0.309148
20581 0.127243 0.186221 0.686535
2380 0.266706 0.0186933 0.7146
6509 0.348817 0.0193257 0.631857
18889 0.252662 0.235412 0.511926
20761 0.819658 0.0347584 0.145584
2517 0.375737 0.294848 0.329415
19037 0.0993674 0.878196 0.0224363
22093 0.459433 0.152234 0.388333
5109 0.480408 0.250832 0.268761
20950 0.429496 0.317239 0.253265
6360 0.0839027 0.298 0.618098
5610 0.237959 0.00268033 0.75936
2363 0.497154 0.262804 0.240042
22117 0.074001 0.684265 0.241734
24943 0.0237301 0.284777 0.691493
20687 0.525108 0.117834 0.357058
22119 0.16182 0.666876 0.171304
21367 0.702001 0.190123 0.107876
6361 0.532339 0.260255 0.207406
3044 0.730268 0.214417 0.055315
20949 0.607556 0.246682 0.145762
6370 0.00748054 0.106348 0.886172
18643 0.58766 0.118212 0.294128
2829 0.19928 0.691948 0.108772
18761 0.573582 0.134945 0.291474
20784 0.0552613 0.235242 0.709497
20783 0.141876 0.490633 0.367491
20723 0.0153021 0.0107513 0.973947
6509 0.227247 0.229006 0.543746
20962 0.614386 0.201279 0.184335
22077 0.0875876 0.14959 0.762822
24628 0.293603 0.142937 0.563459
4707 0.233774 0.73146 0.0347657
2477 0.81303 0.0983762 0.0885935
3051 0.37981 0.319522 0.300668
24630 0.0797507 0.322913 0.597336
19034 0.629568 0.248441 0.121991
2738 0.208952 0.0568182 0.734229
3046 0.160416 0.690554 0.14903
20573 0.491177 0.0586462 0.450176
5610 0.0048698 0.693724 0.301406
4400 0.726749 0.268422 0.00482926
18771 0.026244 0.00200622 0.97175
2968 0.413311 0.0883718 0.498317
20927 0.101514 0.89228 0.00620581
18765 0.289288 0.124111 0.5866
3419 0.0926352 0.844154 0.0632111
3268 0.194173 0.568778 0.237049
4402 0.345229 0.313667 0.341104
2733 0.140729 0.149282 0.709989
24628 0.288388 0.642642 0.0689702
2364 0.852623 0.0285824 0.118795
2375 0.266935 0.64817 0.0848947
18771 0.667447 0.272382 0.0601715
2374 0.0644935 0.61654 0.318966
18770 0.0664693 0.529822 0.403709
3425 0.253715 0.546769 0.199516
2477 0.513446 0.364796 0.121758
24648 0.312648 0.0303418 0.65701
20794 0.0713281 0.477352 0.45132
2733 0.128782 0.343148 0.52807
2374 0.104185 0.390168 0.505648
2364 0.0513543 0.898761 0.049885
20724 0.0428961 0.116986 0.840118
2733 0.0282469 0.237842 0.733911
20931 0.344878 0.23619 0.418931
2380 0.659963 0.0734102 0.266627
24529 0.0507245 0.890706 0.0585698
19036 0.0527268 0.574561 0.372712
2380 0.0513916 0.527367 0.421241
6508 0.0506296 0.787153 0.162218
2732 0.644568 0.328266 0.0271663
2732 0.346535 0.235949 0.417516
3426 0.183185 0.179618 0.637197
2734 0.935081 0.0496832 0.0152354
3689 0.162114 0.0509862 0.7869
18672 0.357428 0.250051 0.392521
24559 0.0217158 0.166845 0.811439
20715 0.0353252 0.0708229 0.893852
20689 0.492654 0.329077 0.178269
18611 0.67428 0.234842 0.0908785
19038 0.0727697 0.691647 0.235583
24798 0.374111 0.303425 0.322464
4411 0.529881 0.395395 0.0747241
18606 0.713414 0.203649 0.0829374
24787 0.00939417 0.0148638 0.975742
22262 0.0115389 0.438663 0.549798
5609 0.336903 0.243041 0.420056
19034 0.622157 0.0371717 0.340672
2477 0.0462067 0.459614 0.494179
3475 0.0339829 0.0870193 0.878998
3258 0.0801389 0.815098 0.104763
2478 0.0428374 0.79387 0.163293
22130 0.190468 0.076433 0.733099
19036 0.2928 0.223226 0.483974
3151 0.228771 0.514931 0.256297
24800 0.133534 0.852607 0.0138584
4831 0.0831308 0.143239 0.77363
18685 0.398209 0.574656 0.0271347
2478 0.23807 0.686378 0.0755521
19037 0.285399 0.526029 0.188572
4734 0.332471 0.582048 0.0854813
24580 0.0412296 0.150683 0.808088
20581 0.0144719 0.333119 0.652409
3428 0.349214 0.128987 0.521799
18760 0.175791 0.314104 0.510106
18607 0.776278 0.087906 0.135816
20946 0.173942 0.0113232 0.814734
5797 0.272887 0.458615 0.268498
19606 0.0719249 0.855538 0.072537
2380 0.510041 0.435352 0.0546071
20687 0.0581593 0.65319 0.28865
2966 0.643019 0.232496 0.124485
21368 0.684133 0.227744 0.0881233
3154 0.482552 0.0651949 0.452253
2374 0.216566 0.556691 0.226743
21815 0.155748 0.388961 0.455291
18643 0.138499 0.381045 0.480456
22291 0.1517 0.466232 0.382068
6507 0.246345 0.520284 0.233371
21432 0.741358 0.106646 0.151996
6509 0.543154 0.0661198 0.390726
20932 0.324101 0.578937 0.0969624
20951 0.575189 0.246948 0.177863
3418 0.18101 0.0126039 0.806386
2833 0.174487 0.622912 0.202601
20689 0.216329 0.0393851 0.744286
24595 0.120418 0.620684 0.258898
18787 0.225189 0.133565 0.641247
2828 0.333616 0.534378 0.132006
2477 0.274288 0.511127 0.214585
2738 0.0607958 0.793605 0.145599
21372 0.0525616 0.696309 0.25113
2733 0.0518991 0.799831 0.14827
3153 0.764613 0.0235464 0.211841
2823 0.182452 0.769144 0.0484038
3260 0.458427 0.0313562 0.510216
19034 0.0454064 0.388018 0.566575
6360 0.384704 0.443269 0.172027
22474 0.398018 0.274318 0.327663
6358 0.367456 0.460581 0.171963
22075 0.325433 0.309779 0.364788
20689 0.0171931 0.967447 0.0153597
19038 0.0419971 0.421539 0.536464
4519 0.243255 0.068748 0.687997
24548 0.576136 0.254304 0.16956
2484 0.36131 0.443962 0.194728
6670 0.780853 0.0674568 0.151691
20724 0.280695 0.456373 0.262932
22476 0.754422 0.140396 0.105181
6509 0.50028 0.48447 0.01525
24820 0.568097 0.258465 0.173438
20940 0.03711 0.527002 0.435888
22468 0.035344 0.522176 0.44248
22287 0.157429 0.728541 0.11403
6508 0.207793 0.457832 0.334375
18694 0.110175 0.848632 0.0411935
3472 0.0364187 0.783284 0.180298
18609 0.339969 0.0309283 0.629103
5708 0.402931 0.125278 0.471791
19038 0.299743 0.561399 0.138858
2515 0.336527 0.238478 0.424995
2518 0.0208799 0.0322898 0.94683
4519 0.387536 0.393414 0.219049
3725 0.525331 0.46004 0.0146293
4519 0.181581 0.557474 0.260945
22476 0.595828 0.0875808 0.316591
4734 0.689404 0.284377 0.0262189
4409 0.466414 0.355482 0.178104
3078 0.0381224 0.351538 0.610339
4519 0.513558 0.0179736 0.468468
22120 0.321277 0.0428582 0.635865
21813 0.0234828 0.0744189 0.902098
20933 0.815976 0.13712 0.0469036
6508 0.482222 0.32197 0.195808
18788 0.261285 0.152558 0.586157
2364 0.293513 0.21861 0.487877
22475 0.385011 0.0853301 0.529659
20959 0.38851 0.47995 0.131541
18758 0.22569 0.507603 0.266707
20562 0.140661 0.351514 0.507824
4519 0.507938 0.355398 0.136664
22476 0.44117 0.302615 0.256215
18671 0.267098 0.171589 0.561313
18644 0.0172451 0.55934 0.423415
6670 0.33038 0.130697 0.538923
2477 0.13352 0.637121 0.229359
24864 0.111394 0.379403 0.509203
19088 0.278763 0.183184 0.538053
22468 0.538203 0.119386 0.342411
22478 0.462275 0.520717 0.0170083
24798 0.524533 0.0696018 0.405866
24634 0.0117833 0.462186 0.52603
24631 0.251315 0.320254 0.428432
18608 0.531071 0.0143484 0.454581
3260 0.325761 0.465197 0.209042
20563 0.235625 0.488841 0.275534
3150 0.746995 0.0309815 0.222023
3077 0.290491 0.365639 0.34387
3062 0.158421 0.341151 0.500429
2375 0.33603 0.188408 0.475562
2378 0.799609 0.194781 0.00560964
5524 0.852485 0.0627096 0.0848054
2834 0.695505 0.224696 0.0797987
21432 0.0823272 0.909356 0.00831733
2836 0.050965 0.455088 0.493947
2827 0.0792516 0.619735 0.301014
20696 0.0667395 0.105048 0.828213
2805 0.237906 0.0951757 0.666918
20089 0.385049 0.51329 0.101661
5712 0.265377 0.0632927 0.671331
18693 0.0739543 0.365344 0.560701
3153 0.16694 0.701046 0.132013
24812 0.0833414 0.503699 0.412959
2379 0.0996811 0.452621 0.447697
20728 0.0829492 0.392044 0.525007
5071 0.286745 0.431929 0.281326
22475 0.0156309 0.311981 0.672388
21370 0.518809 0.422052 0.0591389
4519 0.585892 0.245482 0.168626
20756 0.304907 0.668847 0.0262462
5527 0.439863 0.304062 0.256075
22476 0.575914 0.285343 0.138743
2734 0.289374 0.313408 0.397218
5066 0.0387093 0.774634 0.186657
19602 0.254985 0.672357 0.0726586
2738 0.390086 0.333842 0.276072
18749 0.271374 0.53842 0.190206
20865 0.387558 0.297284 0.315158
22479 0.505669 0.353485 0.140847
21818 0.175381 0.194414 0.630205
22286 0.39944 0.464807 0.135753
5067 0.776407 0.123872 0.0997213
3035 0.268968 0.198381 0.532652
2373 0.438501 0.142167 0.419332
5069 0.285344 0.64663 0.0680266
24595 0.226818 0.18498 0.588201
3258 0.486331 0.3674 0.146269
22282 0.54754 0.273757 0.178703
20798 0.549996 0.420849 0.029155
18635 0.161485 0.748028 0.0904868
3472 0.277571 0.342939 0.37949
2515 0.0289236 0.607677 0.363399
18789 0.323229 0.220135 0.456636
24599 0.120874 0.805336 0.0737901
24644 0.388715 0.0651881 0.546097
22468 0.0532715 0.0456324 0.901096
20939 0.115574 0.851652 0.0327746
2515 0.846043 0.101602 0.052355
2381 0.410338 0.210997 0.378665
21771 0.238089 0.473427 0.288484
24597 0.376329 0.606487 0.0171844
5712 0.732137 0.00294074 0.264922
3155 0.56074 0.145775 0.293485
20940 0.687124 0.0454127 0.267463
2738 0.745231 0.116625 0.138144
20748 0.234195 0.1024 0.663404
5066 0.0770767 0.437094 0.485829
18747 0.0400316 0.309333 0.650636
20937 0.468043 0.132496 0.399461
5525 0.517011 0.183595 0.299394
20867 0.603374 0.152576 0.24405
22030 0.739698 0.130812 0.12949
2478 0.172688 0.144088 0.683225
3727 0.173408 0.628378 0.198215
22473 0.110234 0.0959665 0.793799
24865 0.301484 0.125971 0.572545
4408 0.203898 0.205305 0.590797
20866 0.719822 0.130538 0.14964
20747 0.657507 0.193337 0.149156
24633 0.424696 0.522097 0.053207
20952 0.873365 0.120299 0.00633523
20757 0.0756532 0.864403 0.0599439
6364 0.580844 0.138495 0.280661
24798 0.903419 0.0697946 0.0267869
2835 0.16325 0.21287 0.62388
2824 0.0629699 0.247802 0.689228
24585 0.443047 0.072087 0.484866
3256 0.217527 0.667252 0.115221
20849 0.119581 0.320667 0.559752
2837 0.603785 0.0709132 0.325301
3259 0.0962533 0.12256 0.781186
22476 0.0898852 0.569349 0.340766
24568 0.353373 0.374225 0.272402
2383 0.307463 0.552676 0.139861
22476 0.482044 0.427752 0.090204
2478 0.73778 0.120927 0.141293
22289 0.725747 0.0447777 0.229475
22475 0.127501 0.405485 0.467015
20952 0.159323 0.00874039 0.831937
3430 0.379946 0.304555 0.315499
22456 0.0929102 0.563069 0.344021
2355 0.327645 0.22095 0.451406
18745 0.108448 0.0778983 0.813654
24640 0.608475 0.185102 0.206423
24677 0.0101318 0.914269 0.0755988
21724 0.0979239 0.578296 0.32378
20700 0.586102 0.228186 0.185712
2353 0.0771158 0.212589 0.710295
2847 0.742303 0.163241 0.0944555
24646 0.300334 0.241838 0.457827
2516 0.176119 0.647866 0.176015
19813 0.565078 0.0340122 0.40091
4734 0.169688 0.235215 0.595097
5070 0.447358 0.364496 0.188146
20293 0.838159 0.133432 0.0284092
22472 0.599625 0.374838 0.0255372
22475 0.0725927 0.669089 0.258318
24551 0.152934 0.113828 0.733238
6508 0.8565 0.0549935 0.088506
22245 0.342402 0.242252 0.415345
20698 0.501491 0.479393 0.0191153
19037 0.700861 0.0712058 0.227933
2566 0.142391 0.560478 0.297131
6364 0.27536 0.142864 0.581775
20859 0.136504 0.323718 0.539778
6670 0.0958642 0.867232 0.036904
3159 0.398109 0.588522 0.0133687
3259 0.0899556 0.894583 0.0154612
2366 0.331519 0.663921 0.00456017
20746 0.681065 0.0586546 0.26028
2377 0.417353 0.10643 0.476217
22467 0.0933025 0.665299 0.241398
24550 0.401181 0.435377 0.163443
24539 0.413231 0.0294268 0.557342
22498 0.22267 0.61106 0.16627
19809 0.215464 0.391999 0.392537
2965 0.258933 0.400817 0.340251
3219 0.0104637 0.98851 0.00102676
2355 0.166936 0.527228 0.305836
2562 0.522469 0.0497021 0.427829
19037 0.0766929 0.243227 0.68008
2367 0.479572 0.0411866 0.479242
2366 0.552094 0.441051 0.00685455
18890 0.170484 0.675568 0.153948
22030 0.0520685 0.567415 0.380517
2368 0.544436 0.152318 0.303246
22463 0.328549 0.641098 0.0303523
20292 0.457513 0.526323 0.0161636
20293 0.399145 0.537992 0.0628624
19820 0.796474 0.0912649 0.112261
2672 0.00540702 0.845835 0.148758
6365 0.0234363 0.882511 0.0940528
3191 0.377505 0.106411 0.516084
19845 0.13804 0.34785 0.51411
2737 0.497255 0.485397 0.0173475
18790 0.0453404 0.640559 0.314101
2516 0.573888 0.164388 0.261724
22095 0.0399823 0.88203 0.0779876
2813 0.329437 0.0446912 0.625872
6748 0.533096 0.466904 0
22388 0.0148747 0.601393 0.383732
2800 0.756996 0.205611 0.0373935
3161 0.747162 0.219899 0.0329386
20702 0.371126 0.0426394 0.586234
19038 0.534843 0.0821795 0.382977
22335 0.0441678 0.667458 0.288374
22108 0.40503 0.572924 0.0220467
20752 0.453253 0.0979878 0.44876
22283 0.285813 0.673604 0.0405826
2818 0.918282 0.0253734 0.0563448
2382 0.0802848 0.53314 0.386575
20858 0.413048 0.326495 0.260457
21820 0.0293749 0.929736 0.0408886
2371 0.64429 0.211132 0.144578
18597 0.0761324 0.328818 0.59505
2737 0.666274 0.181804 0.151922
2343 0.13078 0.581819 0.287401
19823 0.495265 0.41186 0.0928746
19815 0.258976 0.227082 0.513942
24599 0.483263 0.0060127 0.510725
24797 0.399396 0.105478 0.495125
2355 0.326357 0.629951 0.0436918
20955 0.143864 0.770737 0.0853992
22431 0.0875252 0.196348 0.716127
5065 0.0186467 0.634118 0.347236
18746 0.131239 0.286424 0.582337
20978 0.584923 0.0831831 0.331894
18746 0.521864 0.260771 0.217365
2783 0.27713 0.00410137 0.718768
6751 0.101942 0.566105 0.331953
6510 0.280607 0.466961 0.252432
4518 0.493063 0.011753 0.495184
3473 0.174979 0.0542424 0.770778
2473 0.152867 0.278692 0.568441
20710 0.337226 0.319352 0.343422
3033 0.563426 0.266717 0.169857
2755 0.632216 0.32603 0.0417538
20851 0.225299 0.333419 0.441281
3219 0.627655 0.0332798 0.339065
22284 0.226354 0.52585 0.247797
2845 0.340369 0.110446 0.549184
22276 0.109274 0.722737 0.167989
22031 0.318868 0.112835 0.568297
19824 0.0296845 0.42464 0.545676
21108 0.466738 0.244694 0.288569
2474 0.13951 0.387733 0.472757
19817 0.509834 0.0913181 0.398848
18748 0.779736 0.211352 0.0089119
2736 0.348376 0.0500221 0.601602
22274 0.821896 0.0388518 0.139252
20734 0.173866 0.141646 0.684488
2958 0.106778 0.403515 0.489706
20805 0.436023 0.376077 0.1879
2347 0.137281 0.301706 0.561013
2665 0.0725947 0.204042 0.723363
5123 0.51069 0.144493 0.344817
22329 0.132248 0.118336 0.749417
24552 0.0214507 0.538089 0.44046
2680 0.411276 0.453311 0.135412
18742 0.68854 0.0411369 0.270323
20736 0.0333251 0.756981 0.209693
18594 0.0416876 0.902887 0.0554253
4516 0.0822355 0.00139711 0.916367
20800 0.0463329 0.886976 0.0666914
18744 0.426759 0.387874 0.185367
18745 0.382948 0.299741 0.317311
2784 0.13586 0.253402 0.610738
2812 0.84806 0.037359 0.114581
18794 0.13441 0.177138 0.688452
21647 0.164755 0.71216 0.123085
2500 0.254044 0.676792 0.0691636
20857 0.232978 0.726606 0.0404163
2692 0.435247 0.143926 0.420827
2350 0.465765 0.210256 0.323979
2700 0.514192 0.252733 0.233075
2897 0.259067 0.579002 0.161931
3193 0.344204 0.105174 0.550622
2501 0.088793 0.833549 0.0776581
22033 0.448421 0.0651558 0.486423
2693 0.0686196 0.828389 0.102992
5711 0.303541 0.4683 0.228159
5741 0.849829 0.0927978 0.0573731
2681 0.0905611 0.126199 0.78324
18596 0.0292736 0.0207589 0.949967
2495 0.467765 0.293625 0.23861
20854 0.0661301 0.0634363 0.870434
2648 0.350431 0.305978 0.343591
20802 0.42862 0.241682 0.329698
20708 0.591895 0.267698 0.140408
2499 0.559967 0.021541 0.418492
2862 0.323451 0.521394 0.155156
4657 0.00832405 0.0657112 0.925965
19609 0.1328 0.531163 0.336037
3217 0.120751 0.719486 0.159764
4518 0.260906 0.596231 0.142863
22096 0.2123 0.174938 0.612762
2936 0.433727 0.487755 0.0785177
24552 0.461636 0.155467 0.382898
22100 0.572033 0.248311 0.179656
6753 0.143357 0.00232218 0.85432
18667 0.151439 0.116476 0.732085
3471 0.225791 0.254416 0.519792
2783 0.309097 0.443536 0.247367
24925 0.0608022 0.863368 0.0758297
2500 0.710494 0.0705418 0.218964
6153 0.421433 0.126409 0.452158
2693 0.703069 0.237257 0.0596734
2759 0.399102 0.09229 0.508608
2758 0.134032 0.563367 0.302601
18905 0.0411793 0.90959 0.0492308
3467 0.326874 0.366845 0.306281
22141 0.0558566 0.658019 0.286125
24775 0.231217 0.0767951 0.691988
18669 0.0940682 0.551784 0.354148
20298 0.378001 0.128131 0.493867
2568 0.145767 0.465191 0.389042
3282 0.071643 0.770359 0.157998
19323 0.604396 0.0749741 0.320629
21255 0.352296 0.329507 0.318197
19850 0.212303 0.620427 0.167271
24558 0.238896 0.172731 0.588374
21648 0.038914 0.886784 0.0743016
3255 0.432667 0.41909 0.148243
3002 0.473242 0.487444 0.0393142
6153 0.934934 0.0410087 0.0240573
2814 0.535463 0.172734 0.291803
20178 0.15661 0.315501 0.527889
2385 0.25415 0.436538 0.309312
2745 0.803916 0.0780941 0.11799
2500 0.144953 0.243826 0.611221
22101 0.545442 0.310949 0.143609
24607 0.250855 0.624576 0.124569
2817 0.0418082 0.895052 0.0631396
19849 0.141112 0.40894 0.449948
2537 0.367127 0.441529 0.191344
2778 0.386681 0.530304 0.0830152
22099 0.161804 0.0480044 0.790192
20100 0.240806 0.595876 0.163318
19381 0.315809 0.505916 0.178275
5125 0.144294 0.80131 0.0543958
19379 0.00400433 0.0998802 0.896115
6153 0.155523 0.699674 0.144803
19844 0.188454 0.185586 0.62596
18906 0.161558 0.149319 0.689123
3251 0.676567 0.243393 0.0800404
2765 0.439273 0.324818 0.235909
4516 0.101514 0.823937 0.0745486
19308 0.445465 0.236699 0.317836
22137 0.0523033 0.192241 0.755456
20296 0.184688 0.174651 0.640661
20298 0.0265558 0.627116 0.346328
3069 0.029368 0.158797 0.811835
2695 0.560767 0.366769 0.0724645
3007 0.215052 0.0123964 0.772551
22144 0.382381 0.452918 0.164701
2763 0.576476 0.128446 0.295078
6759 0.384715 0.158161 0.457124
18753 0.382006 0.252567 0.365427
3067 0.872737 0.0407482 0.0865147
5741 0.323632 0.482852 0.193516
5703 0.834001 0.0523465 0.113653
5124 0.017338 0.145767 0.836895
3006 0.552307 0.140196 0.307498
6365 0.295095 0.290928 0.413977
21189 0.20065 0.107949 0.691402
2922 0.215092 0.517491 0.267417
22023 0.189159 0.487988 0.322854
21191 0.166905 0.480318 0.352777
19863 0.705681 0.132916 0.161404
18648 0.107196 0.265142 0.627662
2771 0.39375 0.175879 0.43037
22136 0.072332 0.318362 0.609306
19865 0.532508 0.204423 0.263069
5739 0.143429 0.754738 0.101833
18905 0.381703 0.0255807 0.592716
19846 0.336648 0.0918414 0.571511
4513 0.00531005 0.516323 0.478367
18664 0.58053 0.168908 0.250562
3469 0.109109 0.693672 0.197218
20529 0.496772 0.456485 0.0467426
3244 0.174546 0.761744 0.06371
3254 0.311416 0.0800507 0.608533
5740 0.370734 0.409697 0.21957
3165 0.354305 0.0480828 0.597612
19851 0.242182 0.455204 0.302614
20102 0.306769 0.0770736 0.616158
3416 0.395238 0.316029 0.288733
21174 0.640962 0.0424957 0.316543
6365 0.891874 0.00479067 0.103335
3214 0.225736 0.266494 0.507771
21770 0.181747 0.5925 0.225753
19828 0.196916 0.461411 0.341673
19862 0.652612 0.15949 0.187898
22025 0.0368828 0.521043 0.442074
21867 0.752382 0.0226495 0.224969
2704 0.532754 0.358036 0.10921
6756 0.551619 0.344974 0.103408
18589 0.150423 0.571471 0.278106
2954 0.461955 0.139457 0.398588
3247 0.340776 0.119129 0.540094
19182 0.406897 0.293033 0.30007
20349 0.643507 0.0653994 0.291093
24620 0.280893 0.684143 0.0349637
4656 0.263787 0.476606 0.259608
18589 0.585505 0.0237294 0.390765
19093 0.631081 0.182354 0.186565
18662 0.831281 0.123061 0.0456577
18665 0.543444 0.000597424 0.455959
3066 0.628044 0.216952 0.155004
19861 0.870672 0.0987769 0.0305509
5127 0.00246937 0.962641 0.0348894
3064 0.808228 0.131113 0.060659
6375 0.294066 0.660545 0.0453889
2699 0.513163 0.40795 0.0788871
19829 0.566181 0.205721 0.228097
2924 0.590954 0.319813 0.0892336
4732 0.687789 0.247507 0.0647037
19322 0.637373 0.281941 0.0806852
4726 0.530442 0.33236 0.137197
20092 0.473205 0.123502 0.403293
21187 0.128151 0.192685 0.679164
21868 0.302826 0.240164 0.45701
2782 0.350455 0.0448037 0.604742
5661 0.176039 0.076016 0.747945
6151 0.815463 0.0166583 0.167879
21865 0.520226 0.294676 0.185098
4515 0.12518 0.214945 0.659874
19866 0.513596 0.307168 0.179237
20348 0.110452 0.193996 0.695552
19383 0.527686 0.400015 0.0722985
22090 0.84849 0.0161089 0.135401
3435 0.487067 0.238351 0.274582
19046 0.57777 0.215754 0.206476
2789 0.645729 0.0241321 0.330139
19386 0.316616 0.617135 0.0662496
4302 0.0461066 0.640192 0.313702
21866 0.0846658 0.835867 0.0794673
19871 0.119879 0.340093 0.540028
6149 0.139398 0.0324853 0.828116
5662 0.517668 0.20317 0.279162
2781 0.212979 0.526609 0.260412
4512 0.0915605 0.83699 0.0714499
21586 0.318204 0.21267 0.469125
18587 0.498131 0.133644 0.368225
21723 0.761425 0.163767 0.0748079
2792 0.346705 0.266627 0.386668
19309 0.309837 0.168308 0.521855
21864 0.162331 0.523193 0.314476
3065 0.460876 0.368408 0.170715
3163 0.756586 0.110557 0.132857
19387 0.418039 0.143575 0.438385
19687 0.329774 0.525408 0.144818
21821 0.0340494 0.0103647 0.955586
6252 0.496825 0.488125 0.0150499
20924 0.335226 0.403077 0.261696
18975 0.410288 0.150336 0.439377
19321 0.40931 0.16829 0.4224
3302 0.422199 0.242305 0.335496
6162 0.800842 0.108861 0.0902972
19094 0.134726 0.71354 0.151733
20092 0.0173505 0.960522 0.022127
19840 0.647769 0.241178 0.111053
19184 0.00900495 0.932123 0.0588718
4692 0.18261 0.675461 0.141929
19869 0.438901 0.0152845 0.545815
3301 0.90767 0.0533523 0.0389781
21084 0.695834 0.193705 0.110461
21870 0.869952 0.0840886 0.0459592
3712 0.0023378 0.346234 0.651429
19853 0.32562 0.489579 0.1848
19611 0.365537 0.398143 0.23632
2956 0.495014 0.101797 0.403189
6379 0.635767 0.239596 0.124637
4729 0.0474348 0.166087 0.786478
18908 0.172871 0.381657 0.445472
5121 0.45625 0.198035 0.345715
21866 0.025208 0.095255 0.879537
2542 0.0915841 0.233813 0.674603
2544 0.248811 0.646326 0.104863
21510 0.311928 0.0383661 0.649706
3079 0.674797 0.285324 0.039879
3385 0.402134 0.525424 0.0724411
21856 0.00857486 0.418179 0.573246
21293 0.768158 0.142128 0.0897148
22110 0.425664 0.474804 0.0995319
19184 0.367287 0.306463 0.326251
2925 0.540112 0.107728 0.35216
3292 0.0268375 0.0260809 0.947082
20097 0.108216 0.319906 0.571878
6377 0.187495 0.650728 0.161777
19926 0.435276 0.339459 0.225265
3194 0.0589426 0.105335 0.835722
19831 0.573886 0.187363 0.238751
2545 0.167375 0.0799585 0.752666
18909 0.490057 0.148228 0.361715
4695 0.533687 0.170927 0.295386
19873 0.286071 0.00115304 0.712776
18650 0.0357805 0.725155 0.239065
18976 0.520849 0.163406 0.315744
3029 0.514239 0.385581 0.10018
18586 0.0340425 0.889485 0.0764723
21686 0.46016 0.509315 0.0305246
18585 0.102425 0.21598 0.681595
5120 0.558864 0.0440296 0.397106
3300 0.714145 0.175579 0.110276
6149 0.156934 0.781282 0.0617841
2795 0.698914 0.104142 0.196944
19102 0.227957 0.0710763 0.700967
5704 0.52131 0.365258 0.113431
21585 0.206647 0.354043 0.43931
5457 0.684012 0.266815 0.0491738
4527 0.38847 0.516469 0.0950606
21857 0.875243 0.0754383 0.0493186
3716 0.0690325 0.775248 0.15572
5705 0.748279 0.20438 0.0473408
19839 0.671289 0.0138992 0.314812
19319 0.217998 0.287903 0.494099
19238 0.784013 0.0492516 0.166736
6381 0.254552 0.529123 0.216325
18659 0.0310018 0.59795 0.371048
3436 0.218295 0.531682 0.250023
3182 0.928206 0.0238104 0.0479831
3182 0.0218988 0.477048 0.501053
3082 0.244984 0.310065 0.444951
5705 0.334313 0.158705 0.506982
3437 0.14041 0.776635 0.0829545
3114 0.0611646 0.0879081 0.850927
19388 0.629672 0.188528 0.181801
2546 0.748288 0.00752173 0.24419
21855 0.401406 0.341528 0.257066
3720 0.262224 0.694505 0.0432703
18583 0.225875 0.107987 0.666138
3294 0.0355463 0.130689 0.833765
5543 0.451761 0.00959256 0.538647
2927 0.37455 0.0208296 0.60462
21854 0.59988 0.229118 0.171002
19318 0.442874 0.372242 0.184884
20332 0.407528 0.356932 0.23554
3381 0.0512629 0.123753 0.824984
5544 0.137964 0.411604 0.450432
19874 0.811407 0.0352118 0.153381
5064 0.210459 0.557326 0.232215
22121 0.342767 0.556017 0.101215
19924 0.0984345 0.0892796 0.812286
21584 0.27975 0.322281 0.397969
3728 0.00971109 0.860532 0.129757
5117 0.168594 0.398623 0.432783
6136 0.620534 0.247063 0.132403
3228 0.77569 0.204222 0.0200876
21574 0.449547 0.196952 0.353501
3179 0.121599 0.0473825 0.831018
20098 0.124868 0.36207 0.513061
18653 0.589486 0.177466 0.233047
19316 0.116187 0.00970761 0.874106
21301 0.479144 0.478757 0.0420982
5540 0.573963 0.149746 0.276291
21520 0.524159 0.427521 0.0483198
3220 0.423043 0.125093 0.451864
2799 0.0393376 0.776482 0.18418
3722 0.582659 0.379723 0.0376182
5545 0.0111935 0.631121 0.357685
3381 0.851213 0.0627545 0.0860326
21105 0.644643 0.0167151 0.338642
18582 0.487541 0.396918 0.115541
4296 0.697792 0.0157377 0.28647
2549 0.0911156 0.176623 0.732261
19315 0.384745 0.367674 0.247581
21298 0.477798 0.0401595 0.482043
21298 0.104465 0.885404 0.010131
5542 0.472582 0.125044 0.402374
21583 0.475292 0.218509 0.3062
3710 0.500342 0.161098 0.33856
18657 0.105144 0.619711 0.275146
22061 0.360508 0.428631 0.21086
3382 0.12913 0.760573 0.110298
3114 0.660478 0.214651 0.124871
21588 0.162276 0.0291821 0.808542
20095 0.640072 0.0615828 0.298346
21361 0.0780257 0.767597 0.154378
20214 0.110686 0.449368 0.439946
5113 0.632845 0.286788 0.0803676
19310 0.0271196 0.715149 0.257732
19236 0.270644 0.563026 0.16633
3441 0.170512 0.453777 0.375712
2550 0.0459431 0.489151 0.464906
3226 0.17872 0.634534 0.186746
19313 0.59292 0.297186 0.109894
18581 0.0909605 0.444598 0.464442
5116 0.0647907 0.213042 0.722167
3719 0.218998 0.0414376 0.739565
20195 0.00328554 0.514748 0.481966
3959 0.0734697 0.0092014 0.917329
6055 0.510262 0.303954 0.185784
2548 0.380299 0.589292 0.0304091
18977 0.876763 0.0818431 0.0413936
18979 0.784712 0.1428 0.0724883
3221 0.0145273 0.712582 0.272891
5458 0.274891 0.365724 0.359385
19833 0.278405 0.310743 0.410852
18655 0.400916 0.209346 0.389738
5546 0.0078195 0.203118 0.789063
3222 0.205712 0.414371 0.379917
19348 0.0544031 0.712211 0.233386
3224 0.259053 0.198277 0.54267
19312 0.302134 0.326884 0.370981
5115 0.12491 0.493972 0.381117
21302 0.27146 0.506579 0.22196
21576 0.258918 0.19264 0.548442
6398 0.18463 0.267879 0.547492
21589 0.103148 0.467311 0.429541
19392 0.275844 0.13687 0.587285
21806 0.291697 0.221506 0.486796
4295 0.477056 0.0566616 0.466282
19187 0.478523 0.324554 0.196922
22066 0.0454635 0.88205 0.0724864
20193 0.513397 0.379618 0.106986
19877 0.123425 0.372652 0.503923
4654 0.162227 0.0742364 0.763537
4296 0.00935687 0.397063 0.59358
21300 0.134727 0.480972 0.384301
2553 0.695121 0.102097 0.202781
3087 0.733614 0.0626595 0.203727
3272 0.341023 0.430697 0.228279
3212 0.580283 0.150668 0.269049
18579 0.505081 0.0079953 0.486923
19389 0.161416 0.294492 0.544092
19835 0.18693 0.418909 0.394161
6401 0.321472 0.410088 0.26844
19923 0.697132 0.230962 0.0719061
18716 0.217474 0.322348 0.460178
2797 0.415421 0.468359 0.11622
22010 0.373376 0.200105 0.426519
3298 0.242423 0.305667 0.45191
18575 0.819421 0.0172935 0.163285
2796 0.125643 0.7721 0.102258
21361 0.058789 0.0776963 0.863515
21361 0.649251 0.182404 0.168346
22011 0.316434 0.274117 0.409449
19570 0.375228 0.297994 0.326777
3456 0.0261006 0.96943 0.00446978
3275 0.405825 0.0861334 0.508041
3443 0.291792 0.24493 0.463278
2556 0.465666 0.363572 0.170761
18569 0.147347 0.490532 0.362122
21091 0.0388815 0.510713 0.450405
21809 0.543152 0.0890215 0.367827
3736 0.0466998 0.385135 0.568165
6403 0.0506016 0.720882 0.228516
19347 0.624252 0.014381 0.361367
18571 0.0797293 0.792148 0.128123
5116 0.198466 0.772258 0.0292763
19096 0.337802 0.13691 0.525288
3364 0.0618535 0.751858 0.186289
3458 0.502692 0.230471 0.266837
3089 0.454014 0.462283 0.0837026
3274 0.320092 0.559284 0.120624
3291 0.141359 0.343418 0.515224
18576 0.343831 0.253972 0.402198
19922 0.249143 0.26693 0.483927
5538 0.381498 0.0479197 0.570583
18577 0.21647 0.449912 0.333618
2405 0.321924 0.208859 0.469217
5529 0.609693 0.299087 0.0912203
19189 0.217734 0.754821 0.0274443
22069 0.336316 0.549477 0.114207
21091 0.816996 0.0906542 0.0923497
6399 0.0955223 0.543929 0.360549
2555 0.880091 0.111044 0.00886487
21362 0.19942 0.102589 0.697991
3206 0.300268 0.0926846 0.607048
5903 0.791535 0.0323978 0.176068
4653 0.0951511 0.781087 0.123762
18655 0.29961 0.656971 0.0434182
6246 0.461191 0.518253 0.020556
6696 0.408413 0.0889105 0.502677
18568 0.427093 0.0875516 0.485355
4547 0.141785 0.501892 0.356323
19921 0.423466 0.138818 0.437716
19390 0.69442 0.266075 0.0395055
22013 0.0185656 0.520083 0.461351
5561 0.469138 0.0816963 0.449165
5531 0.189787 0.769693 0.0405204
5532 0.688318 0.0627315 0.24895
3510 0.112368 0.395129 0.492503
19569 0.245815 0.219764 0.53442
4395 0.0498444 0.609469 0.340687
5479 0.524294 0.382787 0.0929196
19547 0.463098 0.53436 0.0025421
22064 0.46961 0.00405208 0.526338
22027 0.0629283 0.812532 0.124539
18912 0.304511 0.0212126 0.674276
3412 0.313929 0.299858 0.386213
19347 0.960324 0.0239321 0.0157444
19572 0.252022 0.0825752 0.665403
3366 0.43371 0.0809191 0.485371
5534 0.489524 0.345613 0.164863
3446 0.12365 0.841814 0.0345354
21695 0.484744 0.20806 0.307195
21692 0.0728212 0.837174 0.0900047
19241 0.22091 0.0594765 0.719614
21690 0.222097 0.713338 0.0645641
21810 0.0983384 0.671004 0.230658
21693 0.0148582 0.625838 0.359304
3365 0.188339 0.0866043 0.725057
19396 0.363059 0.283715 0.353226
3507 0.364197 0.255182 0.380622
21593 0.710884 0.261104 0.0280122
20766 0.0507683 0.794666 0.154566
3434 0.0666457 0.192664 0.74069
3208 0.21453 0.267678 0.517792
3277 0.479182 0.405685 0.115133
4135 0.0722006 0.273577 0.654223
19240 0.437385 0.301899 0.260717
4134 0.0993352 0.375781 0.524884
3503 0.484436 0.331835 0.183729
19097 0.0146206 0.0779318 0.907448
6403 0.634766 0.349567 0.0156672
19895 0.235812 0.427027 0.337162
5547 0.495681 0.0263232 0.477996
5905 0.271067 0.378555 0.350377
19347 0.302483 0.57063 0.126887
19886 0.716005 0.00205498 0.28194
19461 0.372239 0.217211 0.41055
6388 0.760594 0.161622 0.0777846
19884 0.0927099 0.397038 0.510252
19906 0.17501 0.253276 0.571714
6403 0.263165 0.0939499 0.642885
6247 0.740925 0.207808 0.0512664
6404 0.350601 0.255617 0.393781
3433 0.179033 0.284445 0.536522
19899 0.167079 0.813913 0.0190081
6384 0.0370263 0.279291 0.683683
19346 0.501181 0.0320341 0.466785
4551 0.0985389 0.128397 0.773064
4651 0.456582 0.0415137 0.501904
19880 0.694106 0.0148009 0.291093
20482 0.219739 0.6392 0.141061
2581 0.555793 0.273539 0.170668
20767 0.387402 0.364033 0.248566
20191 0.753569 0.222987 0.0234442
3092 0.517824 0.289812 0.192364
3696 0.224433 0.23379 0.541777
5535 0.0735757 0.685263 0.241162
19912 0.787577 0.0535716 0.158851
19885 0.333141 0.455235 0.211624
18721 0.656327 0.134529 0.209143
2584 0.448794 0.25048 0.300725
18720 0.611613 0.0499326 0.338454
3485 0.117453 0.150814 0.731733
19918 0.0653432 0.36597 0.568687
19914 0.252944 0.65556 0.0914963
19328 0.395394 0.139445 0.46516
5536 0.0322397 0.729605 0.238155
3107 0.294574 0.443714 0.261712
5559 0.0898271 0.138153 0.77202
4292 0.310015 0.508339 0.181646
3694 0.452214 0.369286 0.1785
21786 0.055171 0.418425 0.526405
5548 0.298431 0.370295 0.331274
19395 0.181216 0.749732 0.0690524
5532 0.0297805 0.208964 0.761255
18914 0.0494133 0.0276987 0.922888
19568 0.034883 0.634396 0.330721
19395 0.22466 0.0668345 0.708506
6405 0.323771 0.346646 0.329584
6222 0.353277 0.406477 0.240246
19325 0.130178 0.226597 0.643225
3530 0.201618 0.401108 0.397274
19548 0.0862242 0.560101 0.353675
19345 0.573642 0.0759608 0.350397
3095 0.382951 0.539067 0.0779822
4291 0.277824 0.618189 0.103986
6405 0.819882 0.104142 0.0759756
19336 0.0380229 0.563199 0.398778
20918 0.796873 0.0519746 0.151153
3506 0.432273 0.0207111 0.547016
20457 0.323669 0.0998157 0.576516
19254 0.269293 0.278146 0.452561
3706 0.866837 0.00988916 0.123274
6385 0.562999 0.0999762 0.337024
3790 0.0517414 0.340793 0.607466
3698 0.916399 0.0433112 0.0402901
19257 0.398087 0.584665 0.0172486
3515 0.144747 0.484151 0.371102
19909 0.186479 0.371112 0.442409
19907 0.497342 0.387638 0.11502
18729 0.852007 0.087626 0.0603673
6389 0.151453 0.140451 0.708097
5984 0.390585 0.0401963 0.569219
6389 0.105825 0.799961 0.0942137
19910 0.0326601 0.306055 0.661285
18564 0.127837 0.383061 0.489102
19663 0.176096 0.735008 0.0888962
19473 0.0567722 0.519097 0.424131
20482 0.0607086 0.0370158 0.902276
20396 0.352981 0.278643 0.368376
3701 0.53981 0.211744 0.248446
19915 0.0251427 0.0648599 0.909997
4652 0.215794 0.08728 0.696926
6396 0.296041 0.0371082 0.666851
3791 0.265471 0.608424 0.126105
3706 0.012053 0.215675 0.772272
6223 0.47373 0.0361955 0.490075
3520 0.263468 0.628968 0.107564
19100 0.0785601 0.760784 0.160656
20204 0.375842 0.333268 0.290889
21717 0.272506 0.373153 0.354341
19903 0.444232 0.231106 0.324662
3789 0.246885 0.57031 0.182806
4475 0.0922162 0.136655 0.771128
4643 0.755001 0.0625957 0.182403
