20715 0.0619653 0.806751 0.131284
20684 0.382653 0.517561 0.099786
18680 0.212888 0.501701 0.28541
20685 0.2008 0.554423 0.244777
20715 0.432282 0.540354 0.0273638
18681 0.329347 0.470776 0.199877
24781 0.140468 0.597894 0.261638
20712 0.464992 0.154188 0.380819
24782 0.0435135 0.681266 0.27522
20688 0.291665 0.262163 0.446172
20722 0.0281664 0.465447 0.506387
20686 0.242488 0.130197 0.627315
20686 0.0210471 0.888792 0.0901611
20682 0.17684 0.787061 0.0360986
24805 0.247275 0.392384 0.36034
20581 0.0605067 0.61555 0.323944
24802 0.218144 0.36648 0.415376
19807 0.324456 0.521251 0.154293
24803 0.242079 0.342654 0.415267
20689 0.0579056 0.870491 0.0716032
24797 0.33336 0.462966 0.203674
4407 0.142797 0.703868 0.153336
4405 0.773206 0.144964 0.0818303
20689 0.19258 0.28001 0.52741
24799 0.321725 0.472738 0.205538
24798 0.715915 0.215092 0.0689927
18772 0.599781 0.00180715 0.398411
24590 0.487863 0.232198 0.279939
18770 0.268347 0.0409367 0.690717
24588 0.194825 0.515784 0.289391
20812 0.486854 0.410354 0.102793
20789 0.257967 0.317478 0.424555
18792 0.555952 0.39602 0.048028
6671 0.247594 0.130898 0.621507
5124 0.253322 0.380021 0.366657
24820 0.672697 0.282616 0.0446875
6749 0.632533 0.319521 0.0479451
3267 0.145846 0.658206 0.195948
22474 0.370656 0.317008 0.312336
24819 0.0319891 0.312036 0.655975
18641 0.317952 0.353605 0.328443
20058 0.22633 0.263384 0.510286
19808 0.0803979 0.104198 0.815404
6510 0.497472 0.44474 0.0577872
18770 0.0673198 0.536222 0.396458
19092 0.0602731 0.760439 0.179288
22476 0.273732 0.411084 0.315184
24619 0.32155 0.218937 0.459513
6671 0.821851 0.104334 0.0738151
24622 0.59706 0.197259 0.205682
3263 0.319056 0.0867476 0.594196
22477 0.460099 0.175664 0.364237
22475 0.548543 0.294469 0.156988
20793 0.273481 0.527537 0.198982
5126 0.351247 0.437244 0.211509
19033 0.539374 0.104566 0.35606
18906 0.274915 0.261087 0.463998
20724 0.562443 0.122786 0.314771
18973 0.95499 0.0445565 0.000453434
20758 0.387199 0.462518 0.150283
20755 0.552946 0.334967 0.112087
19812 0.748393 0.0638405 0.187766
18742 0.429456 0.474242 0.0963021
20680 0.207802 0.26715 0.525047
4422 0.360927 0.517188 0.121884
5123 0.256458 0.156588 0.586955
4403 0.784452 0.0894768 0.126071
5123 0.762062 0.176848 0.06109
24817 0.445887 0.460458 0.0936543
2519 0.218901 0.0584825 0.722616
20690 0.486468 0.33165 0.181883
24625 0.753633 0.219461 0.0269055
19813 0.530502 0.323796 0.145703
24797 0.816614 0.168921 0.0144652
18679 0.234452 0.0323267 0.733221
24554 0.169322 0.169072 0.661606
19103 0.330233 0.228411 0.441356
4763 0.116388 0.708038 0.175574
18743 0.405464 0.41642 0.178116
24787 0.496638 0.211097 0.292266
20794 0.0906493 0.521148 0.388203
3268 0.862979 0.011591 0.12543
24610 0.370742 0.493387 0.13587
2517 0.29005 0.444752 0.265198
20672 0.636716 0.0746478 0.288636
3424 0.543338 0.0282748 0.428387
19103 0.0672444 0.70154 0.231215
18772 0.0766731 0.642484 0.280843
18906 0.10138 0.00712524 0.891495
20721 0.608815 0.22971 0.161475
20811 0.354246 0.310829 0.334925
4585 0.274487 0.476053 0.24946
24810 0.223954 0.22402 0.552026
22478 0.318741 0.0715028 0.609756
22479 0.105312 0.602206 0.292482
6375 0.500155 0.0590428 0.440802
20677 0.928959 0.00461824 0.066423
2373 0.304701 0.0691134 0.626185
2364 0.112318 0.620419 0.267263
2479 0.258476 0.437469 0.304055
20942 0.484582 0.209521 0.305897
24603 0.585103 0.179416 0.235481
2515 0.153587 0.16719 0.679223
24940 0.3341 0.169251 0.496649
6374 0.341343 0.0603772 0.598279
24638 0.463145 0.516846 0.0200084
4371 0.375316 0.553225 0.0714591
20748 0.545293 0.452899 0.00180835
24930 0.18231 0.712658 0.105032
20754 0.0409324 0.0209774 0.93809
18682 0.351024 0.164424 0.484552
24555 0.129704 0.0498685 0.820427
6376 0.504749 0.208976 0.286275
20761 0.235133 0.401517 0.36335
24931 0.118359 0.419489 0.462151
4370 0.845683 0.0703038 0.084013
2374 0.126128 0.460917 0.412955
20678 0.0872937 0.883093 0.0296134
24537 0.496471 0.36498 0.138548
21029 0.680672 0.210083 0.109245
20725 0.6009 0.0803083 0.318791
24645 0.163551 0.460196 0.376253
5123 0.227103 0.483506 0.289391
18602 0.273321 0.291153 0.435527
2738 0.579173 0.240324 0.180503
2477 0.304255 0.397453 0.298292
22473 0.284606 0.646833 0.0685614
6252 0.570962 0.0143795 0.414658
6252 0.168709 0.393421 0.43787
4763 0.268194 0.19116 0.540646
22119 0.194197 0.272737 0.533067
2364 0.262203 0.00506719 0.73273
18639 0.164391 0.806618 0.0289902
2971 0.335011 0.200375 0.464614
20758 0.167911 0.505005 0.327085
2519 0.814816 0.111007 0.0741776
4411 0.587629 0.362034 0.0503371
2362 0.481291 0.0375966 0.481112
18742 0.0736972 0.371865 0.554437
18782 0.110932 0.390273 0.498795
2478 0.267531 0.331679 0.40079
18742 0.0272655 0.792691 0.180043
24942 0.448773 0.098848 0.452379
6364 0.148062 0.470305 0.381633
19815 0.644529 0.292143 0.0633281
20797 0.512964 0.360237 0.126799
19601 0.00646934 0.977449 0.016082
2477 0.0485894 0.119759 0.831652
2972 0.0574392 0.725997 0.216563
2378 0.0923164 0.0149324 0.892751
18768 0.0939308 0.249871 0.656199
2515 0.100547 0.685855 0.213599
24531 0.265832 0.266134 0.468033
20747 0.72919 0.128491 0.142319
2477 0.173806 0.502579 0.323615
24633 0.0838528 0.89051 0.0256376
2378 0.42112 0.381376 0.197504
24578 0.442011 0.0561856 0.501803
24628 0.443668 0.417223 0.139109
2380 0.0506314 0.483913 0.465456
2374 0.600535 0.344981 0.0544843
6364 0.0679935 0.776578 0.155428
24561 0.0853568 0.135441 0.779202
20573 0.285588 0.245809 0.468603
5129 0.304164 0.283171 0.412665
2362 0.227723 0.468828 0.303449
18638 0.648681 0.162835 0.188483
2478 0.533069 0.0765315 0.3904
2480 0.340473 0.0342897 0.625237
18908 0.887554 0.0368518 0.0755943
6363 0.229588 0.62733 0.143082
6252 0.589702 0.245449 0.164849
6509 0.114068 0.140146 0.745786
22451 0.399374 0.209953 0.390673
24772 1.44119e-06 6.418e-06 0.999992
3693 0.0742322 0.431166 0.494602
6361 0.674179 0.139658 0.186164
4707 0.413911 0.16778 0.418309
20796 0.216473 0.037102 0.746425
2482 0.0849413 0.448279 0.46678
2366 0.482976 0.474035 0.0429898
4415 0.259171 0.555262 0.185567
24529 0.793634 0.148366 0.0579997
18684 0.455359 0.185124 0.359518
6376 0.499952 0.371716 0.128333
2737 0.203109 0.514979 0.281912
18781 0.768458 0.13919 0.0923513
22077 0.534228 0.0267984 0.438974
20676 0.0230755 0.168326 0.808599
19036 0.695952 0.176115 0.127934
20758 0.048265 0.804487 0.147248
3059 0.627711 0.0947096 0.277579
20690 0.287242 0.421743 0.291015
22092 0.628941 0.302735 0.0683236
2738 0.417211 0.244975 0.337814
20791 0.298657 0.661885 0.0394581
18601 0.459302 0.51962 0.0210781
24530 0.267987 0.316271 0.415742
18765 0.343773 0.287743 0.368483
2969 0.577284 0.143022 0.279694
20758 0.194818 0.153307 0.651876
18640 0.796648 0.187071 0.016281
2368 0.0461235 0.0809139 0.872963
20692 0.605142 0.29935 0.0955074
19105 0.0315638 0.64771 0.320726
6671 0.217624 0.669204 0.113173
18689 0.0982714 0.0832318 0.818497
20726 0.526711 0.0421816 0.431108
18743 0.0503436 0.928431 0.0212257
2738 0.455173 0.0224993 0.522328
20531 0.441557 0.345874 0.212568
20754 0.278903 0.0835022 0.637595
6252 0.782544 0.127157 0.0902992
2373 0.0151027 0.624202 0.360695
21168 0.907711 0.0406965 0.0515929
20696 0.116184 0.525879 0.357937
4831 0.877276 0.0235996 0.0991246
22289 0.273924 0.0351769 0.690899
2378 0.10338 0.420824 0.475796
22477 0.100473 0.51947 0.380056
2515 0.169187 0.767704 0.0631087
22479 0.198009 0.234671 0.56732
2732 0.706321 0.102632 0.191046
24646 0.129974 0.74707 0.122956
24943 0.653147 0.190475 0.156377
2831 1.06972e-05 7.59698e-06 0.999982
6755 0.859763 0.0967751 0.0434623
22476 0.0115382 0.948348 0.0401135
20673 0.369392 0.384263 0.246345
22120 0.154859 0.389265 0.455876
24640 0.729375 0.24468 0.0259451
20694 0.0305501 0.401453 0.567996
3692 0.238072 0.255242 0.506686
18759 0.0257103 0.769511 0.204779
20788 0.300977 0.618835 0.0801884
19182 0.147506 0.522069 0.330425
18640 0.188601 0.295871 0.515528
2974 0.136102 0.610549 0.253349
24933 0.512828 0.174578 0.312594
18972 0.401324 0.0125589 0.586118
2477 0.0409785 0.741069 0.217952
5938 0.365748 0.406473 0.227779
2478 0.372765 0.108886 0.518348
2379 0.524284 0.0137407 0.461976
2374 0.579887 0.0569176 0.363196
4409 0.00184716 0.0974494 0.900703
22501 0.0828937 0.072277 0.844829
24616 0.0951374 0.683067 0.221796
24634 0.403158 0.0819633 0.514879
2375 0.506237 0.0521717 0.441591
20747 0.299046 0.143394 0.55756
6252 0.4282 0.554306 0.0174935
24567 0.176109 0.816335 0.00755582
6373 0.275545 0.526358 0.198097
18975 0.0123258 0.910652 0.0770219
2381 0.811681 0.0396384 0.14868
6376 0.489862 0.456752 0.0533861
19102 0.124845 0.783597 0.0915572
19602 0.413 0.0669392 0.520061
2375 0.378228 0.367704 0.254068
19046 0.379769 0.22804 0.392191
22117 0.0792453 0.877284 0.0434712
24934 0.126993 0.0237871 0.84922
21069 0.689868 0.147001 0.163131
5130 0.610501 0.165125 0.224375
6508 0.201223 0.29164 0.507136
2564 0.296277 0.552915 0.150808
18611 0.00626311 0.542526 0.45121
24927 0.476551 0.0333661 0.490083
20690 0.0475067 0.517394 0.435099
22288 0.312474 0.441247 0.246279
20871 0.329562 0.231486 0.438952
6756 0.389779 0.190519 0.419702
3049 0.708559 0.0317802 0.259661
20950 0.370444 0.566906 0.0626504
6251 0.0643773 0.397698 0.537924
19183 0.694456 0.277543 0.0280009
2828 0.246753 0.153873 0.599374
18687 0.0497607 0.425527 0.524713
20808 0.594395 0.0573271 0.348278
18682 0.182026 0.79434 0.0236343
22494 0.239665 0.0305368 0.729798
6376 0.249867 0.635807 0.114326
20960 0.225277 0.258641 0.516082
21816 0.065052 0.566619 0.368329
2384 0.298686 0.486139 0.215175
4721 0.143962 0.605851 0.250188
2373 0.331303 0.295838 0.372859
2967 0.183323 0.519032 0.297646
24647 0.310487 0.312428 0.377084
18907 0.415615 0.179865 0.40452
2367 0.0197149 0.139052 0.841233
3045 0.694785 0.0417586 0.263456
18689 0.232721 0.531602 0.235677
6153 0.084425 0.0820595 0.833515
4402 0.204 0.118055 0.677945
24806 0.821973 0.128036 0.0499907
2483 0.408788 0.0872939 0.503918
20848 0.127363 0.83025 0.0423873
19600 0.0690387 0.646664 0.284297
24643 0.428071 0.237341 0.334588
2567 0.146131 0.781192 0.0726766
4412 0.289224 0.0139128 0.696863
2738 0.399202 0.436917 0.16388
24647 0.706188 0.285417 0.00839432
2374 0.777347 0.0368828 0.18577
2377 0.423355 0.303604 0.273042
19817 0.218845 0.704912 0.0762435
2375 0.747205 0.0659297 0.186866
18777 0.22362 0.0390114 0.737368
4400 0.307005 0.343864 0.349131
2362 0.657573 0.235552 0.106875
2733 0.275386 0.721421 0.00319287
22422 0.706435 0.0731409 0.220424
2738 0.364372 0.620064 0.0155631
2376 0.431782 0.258545 0.309673
2564 0.178244 0.189107 0.632649
20746 0.684022 0.243734 0.0722439
2738 0.260454 0.313862 0.425684
21068 0.356571 0.0646871 0.578742
2382 0.414484 0.364179 0.221337
6250 0.0230596 0.308571 0.668369
19093 0.112216 0.633337 0.254447
2570 0.198619 0.684678 0.116702
6375 0.536599 0.253817 0.209584
2355 0.533771 0.0283113 0.437917
2671 0.331169 0.365121 0.30371
3427 0.314149 0.487092 0.198759
2738 0.266221 0.0280763 0.705703
3689 0.0382673 0.268735 0.692998
18787 0.312165 0.333277 0.354559
2977 0.525338 0.37155 0.103112
20691 0.206 0.368236 0.425764
20754 0.605885 0.0158982 0.378217
22277 0.154405 0.751127 0.0944679
19102 0.260213 0.626532 0.113254
18708 0.390224 0.329026 0.28075
3259 0.307208 0.138648 0.554145
24863 0.601556 0.0162166 0.382228
22462 0.154233 0.701372 0.144394
22303 0.2075 0.165509 0.626992
4734 0.531592 0.235221 0.233187
18908 0.516537 0.368553 0.11491
2367 0.630321 0.369679 0
3428 0.88091 0.0108844 0.108206
4519 0.908751 0.011631 0.0796178
2373 0.654556 0.130014 0.21543
22259 0.218991 0.639971 0.141038
19093 0.549251 0.184958 0.265791
3153 0.455376 0.525056 0.0195682
21177 0.437283 0.384104 0.178613
5071 0.0189887 0.401144 0.579867
18687 0.615199 0.0544821 0.330319
2373 0.261035 0.531961 0.207003
19046 0.732568 0.0353952 0.232037
6374 0.73427 0.083846 0.181884
24549 0.159382 0.247024 0.593594
18975 0.322359 0.465897 0.211744
4408 0.0867252 0.570774 0.342501
18759 0.452165 0.39425 0.153585
22030 0.720868 0.110991 0.168142
21374 0.234205 0.0987993 0.666995
6365 0.378905 0.520758 0.100337
20091 0.0381731 0.25041 0.711417
2382 0.133005 0.572456 0.294539
20752 0.11425 0.846687 0.0390628
3035 0.135394 0.441949 0.422657
20928 0.301352 0.236607 0.462041
3150 0.130771 0.088986 0.780243
2376 0.938675 0.0542301 0.00709527
21814 0.39393 0.578458 0.0276118
19183 0.223326 0.432866 0.343808
22449 0.0503485 0.468623 0.481029
6380 0.767324 0.0539622 0.178714
20949 0.280835 0.0413521 0.677813
6380 0.453397 0.122056 0.424547
20869 0.509324 0.198913 0.291763
20926 0.293474 0.424273 0.282253
3725 0.0973585 0.0492516 0.85339
3419 0.709167 0.051345 0.239488
22274 0.67185 0.257887 0.0702627
2673 0.290603 0.232737 0.47666
18745 0.837108 0.0885994 0.0742922
3061 0.192024 0.117558 0.690418
2361 0.120824 0.477466 0.401709
2346 0.204482 0.289032 0.506486
20868 0.507371 0.396489 0.0961404
2737 0.877082 0.0640546 0.0588637
2978 0.0737322 0.884023 0.042245
3417 0.597519 0.355587 0.0468943
5073 0.381603 0.0569035 0.561493
18907 0.166929 0.0915076 0.741563
5935 0.221422 0.197953 0.580626
22335 0.43647 0.482875 0.080655
6251 0.440044 0.509724 0.0502316
20863 0.690642 0.139724 0.169634
22292 0.462638 0.120414 0.416948
19102 0.0717858 0.528424 0.399791
4723 0.3096 0.661157 0.0292429
24547 0.366723 0.132555 0.500722
2845 0 0.863625 0.136375
6251 0.302835 0.155533 0.541632
22334 0.165933 0.39154 0.442527
22481 0.271231 0.405921 0.322848
6380 0.0691127 0.146308 0.784579
21170 0.230957 0.541325 0.227718
20848 0.484157 0.0590583 0.456785
20741 0.0170301 0.310208 0.672762
20711 0.444157 0.0945245 0.461319
6375 0.0795867 0.326717 0.593696
19184 0.466029 0.502718 0.0312526
4402 0.0884603 0.505934 0.405606
22242 0.269061 0.205353 0.525585
4734 0.224412 0.495411 0.280177
19102 0.397355 0.359184 0.243461
2561 0.0838406 0.870519 0.0456399
2567 0.256298 0.308815 0.434887
4723 0.157001 0.245762 0.597237
3727 0.454064 0.395316 0.15062
5523 0.0357613 0.389482 0.574756
22482 0.517159 0.0750375 0.407804
6374 0.192595 0.574706 0.232699
3259 0.503317 0.482603 0.0140794
24538 0.140139 0.1414 0.71846
5069 0.00240201 0.276106 0.721492
22279 0.146841 0.631976 0.221183
20865 0.23102 0.328264 0.440716
21367 0.484912 0.351051 0.164037
6378 0.0450473 0.196609 0.758344
19094 0.418016 0.0475079 0.534476
24644 0.167088 0.667846 0.165066
22335 0.412371 0.105397 0.482232
20958 0.639899 0.356376 0.00372459
18760 0.281536 0.60268 0.115784
19603 0.00578038 0.316099 0.678121
5069 0.0372116 0.674156 0.288632
22482 0.057825 0.0463882 0.895787
18788 0.458197 0.358072 0.183731
18650 0.277083 0.230134 0.492783
6381 0.517701 0.168399 0.3139
2516 0.258999 0.43161 0.309391
22028 0.49862 0.25853 0.24285
18908 0.293491 0.24236 0.464149
22336 0.340292 0.557451 0.102257
20752 0.578248 0.0699684 0.351784
20923 0.0342161 0.880459 0.0853253
24637 0.385048 0.614952 0
24624 0.293932 0.517154 0.188915
18597 0.328953 0.447348 0.223699
5074 0.670558 0.0485835 0.280858
20813 0.432241 0.563936 0.00382274
3148 0.0633749 0.473847 0.462778
3078 0.627477 0.348128 0.0243956
3077 0.602739 0.239545 0.157716
2378 0.0252675 0.910376 0.0643561
2569 0.170602 0.681983 0.147415
6154 0.308734 0.355142 0.336124
2824 0.19733 0.246559 0.556111
21371 0.199418 0.440977 0.359605
2836 0.307748 0.441321 0.250931
2837 0.0921544 0.4459 0.461946
22328 0.335926 0.588023 0.0760503
2349 0.0802201 0.91571 0.00406972
18671 0.0853556 0.347795 0.56685
6153 0.202359 0.280695 0.516946
18650 0.0649418 0.919464 0.015594
2834 0.384241 0.529244 0.0865154
19108 0.246973 0.72677 0.0262569
24606 0.583125 0.122471 0.294405
20739 0.506492 0.118078 0.375431
5524 0.0783313 0.228757 0.692912
22481 0.602488 0.222354 0.175158
20931 0.003952 0.812258 0.18379
5069 0.0772068 0.589158 0.333635
22074 0.382512 0.382951 0.234537
4734 0.108773 0.810909 0.080318
22482 0.241987 0.44324 0.314773
2736 0.453495 0.308023 0.238481
5524 0.156108 0.773965 0.069927
19605 0.458306 0.519968 0.0217253
2475 0.163868 0.253842 0.582289
20090 0.780644 0.164742 0.0546141
20866 0.348487 0.49499 0.156523
19847 0.154936 0.108428 0.736635
21724 0.075837 0.176642 0.747521
22301 0.0210943 0.851374 0.127531
5526 0.398944 0.166742 0.434315
3032 0.405513 0.154285 0.440201
2708 0.309354 0.544967 0.145679
5709 0.657158 0.183409 0.159432
2347 0.160912 0.661245 0.177843
5066 0.407093 0.466871 0.126036
22447 0.0871924 0.707629 0.205179
20703 0.449804 0.0607953 0.489401
19184 0.14818 0.409961 0.441859
4408 0.881186 0.0836417 0.0351719
2372 0.429531 0.202487 0.367982
18662 0.486071 0.313538 0.200391
24564 0.420121 0.45973 0.120149
2784 0.416537 0.158328 0.425135
22460 0.297153 0.280556 0.422292
20940 0.298485 0.064162 0.637353
2563 0.436647 0.347687 0.215667
24607 0.289748 0.265247 0.445005
21369 0.307029 0.249103 0.443869
2863 0.446168 0.379652 0.174181
6153 0.171825 0.596749 0.231426
3155 0.0431482 0.605442 0.35141
20785 0.0383199 0.0960199 0.86566
2471 0.632755 0.161166 0.206079
22327 0.0361135 0.0536499 0.910237
4723 0.00844965 0.0492588 0.942292
18789 0.165872 0.826405 0.00772279
20939 0.0204302 0.268742 0.710828
4733 0.595193 0.129855 0.274952
20934 0.495418 0.353879 0.150704
22033 0.0480949 0.118086 0.833819
2560 0.165518 0.440828 0.393653
3428 0.222912 0.73141 0.0456784
22329 0.862216 0.0506537 0.0871304
24769 0.0894014 0.50215 0.408448
4409 0.43942 0.501867 0.0587128
20935 0.124293 0.471575 0.404131
19824 0.238328 0.658059 0.103613
6249 0.191496 0.319975 0.488529
20936 0.446382 0.541403 0.0122142
19929 0.293344 0.405056 0.301601
6378 0.195851 0.590568 0.213582
19686 0.844259 0.115832 0.0399087
2825 0.168407 0.328072 0.503521
2822 0.0621155 0.592193 0.345691
2350 0.108273 0.51462 0.377107
4518 0.876123 0.110998 0.0128791
20563 0.0379115 0.516305 0.445783
2826 0.2659 0.306406 0.427693
5068 0.683766 0.176591 0.139643
22430 0.522724 0.434504 0.0427721
2963 0.0667822 0.660259 0.272958
2387 0.294985 0.522439 0.182576
22432 0.0705298 0.54342 0.38605
2360 0.482711 0.344202 0.173087
22458 0.178806 0.515391 0.305804
22432 0.0579918 0.18671 0.755298
20938 0.379443 0.0626725 0.557884
3257 0.24966 0.662233 0.0881076
22327 0.593017 0.0473808 0.359602
2559 0.0247216 0.241853 0.733426
19093 0.178443 0.0761949 0.745362
4692 0.196123 0.308685 0.495191
3157 0.46939 0.324503 0.206106
20862 0.436288 0.455866 0.107846
22108 0.0435408 0.508343 0.448116
2473 0.154111 0.207242 0.638646
2739 0.0556698 0.331179 0.613151
2401 0.202355 0.568309 0.229336
2783 0.422369 0.557975 0.0196558
20924 0.27204 0.482261 0.245699
5121 0.216763 0.374187 0.40905
5525 0.460872 0.0445625 0.494565
19604 0.337194 0.211216 0.45159
22329 0.0700662 0.526785 0.403149
22432 0.494709 0.430294 0.0749975
2802 0.595471 0.116851 0.287677
6379 0.596299 0.0495376 0.354163
20804 0.259992 0.260156 0.479852
22107 0.25527 0.115433 0.629296
18909 0.0858527 0.829463 0.0846843
2861 0.052878 0.601709 0.345413
6379 0.383803 0.467396 0.148801
20955 0.348984 0.0157828 0.635234
6380 0.354809 0.397937 0.247254
3160 0.571894 0.401589 0.0265165
5070 0.0992084 0.742291 0.158501
2561 0.428064 0.304427 0.267509
19824 0.609721 0.12377 0.266509
3003 0.466271 0.171974 0.361755
24792 0.370298 0.421224 0.208478
2495 0.356277 0.444489 0.199234
2812 0.395077 0.277139 0.327784
24775 0.596758 0.0456503 0.357592
18651 0.46191 0.454278 0.083812
3191 0.228304 0.464571 0.307125
3448 0.31283 0.396998 0.290173
2530 0.38026 0.231683 0.388057
2694 0.629732 0.0589922 0.311276
19349 0.00417393 0.616514 0.379312
2692 0.276733 0.437215 0.286052
2562 0.200836 0.64416 0.155004
19186 0.86998 0.108751 0.0212691
20801 0.609997 0.283382 0.106621
2693 0.448567 0.127722 0.42371
22104 0.0601121 0.228751 0.711137
18748 0.094643 0.0173531 0.888004
20292 0.333619 0.456821 0.209561
19851 0.0945163 0.769458 0.136026
2656 0.373265 0.0472874 0.579448
6377 0.730798 0.00970212 0.2595
3192 0.724442 0.248651 0.0269064
21866 0.651457 0.100157 0.248386
2650 0.190639 0.401334 0.408027
18789 0.377048 0.194133 0.428818
2701 0.050943 0.172361 0.776696
21649 0.136077 0.014319 0.849604
3069 0.180203 0.651469 0.168328
6381 0.197983 0.154442 0.647575
20734 0.543809 0.0893503 0.36684
2639 0.684898 0.315102 2.03095e-16
2820 0.645388 0.0874228 0.26719
20735 0.668114 0.115676 0.21621
19102 0.27507 0.0962392 0.628691
19826 0.333237 0.31041 0.356353
22138 0.306134 0.584428 0.109438
19847 0.945529 0.0114061 0.0430651
22459 0.377365 0.14797 0.474666
3472 0.737727 0.101456 0.160817
2571 0.582864 0.203669 0.213467
20855 0.0165565 0.680361 0.303083
20852 0.482695 0.0816742 0.43563
2778 0.395196 0.0868993 0.517905
18593 0.128665 0.302347 0.568988
2651 0.154224 0.236811 0.608965
2700 0.158497 0.31048 0.531023
21865 0.0560624 0.516738 0.4272
21587 0.0241957 0.135257 0.840547
3213 0.0476686 0.885587 0.066744
21106 0.506225 0.168319 0.325456
2658 0.215757 0.60696 0.177283
20853 0.283561 0.310853 0.405585
19848 0.66083 0.194599 0.144571
5741 0.020053 0.219096 0.760851
18661 0.108908 0.129484 0.761608
20294 0.419577 0.211449 0.368973
18660 0.13072 0.207043 0.662238
2695 0.0874287 0.0437315 0.86884
6416 0.00539928 0.215955 0.778645
6381 0.394852 0.567572 0.0375753
5068 0.00455514 0.817708 0.177737
3956 0.32602 0.527462 0.146518
2766 0.668931 0.21138 0.119689
20708 0.0912438 0.686007 0.222749
2750 0.128429 0.811794 0.0597764
2758 0.219014 0.692865 0.0881205
20814 0.122776 0.0287444 0.84848
3217 0.0690363 0.539195 0.391768
20708 0.11937 0.0309603 0.84967
2643 0.360833 0.413879 0.225288
20706 0.68046 0.294732 0.024808
20803 0.136782 0.131609 0.731609
19848 0.0108487 0.640827 0.348325
20851 0.229061 0.505502 0.265438
2762 0.188645 0.624193 0.187163
21585 0.438745 0.312023 0.249231
19380 0.65978 0.32177 0.0184503
2667 0.109522 0.830595 0.0598829
21868 0.532664 0.331279 0.136057
22139 0.346587 0.522621 0.130792
2746 0.326823 0.0298773 0.643299
24815 0.354476 0.0243028 0.621222
2535 0.662583 0.243819 0.0935983
2533 0.79705 0.20295 1.27291e-15
5544 0.408662 0.0198153 0.571522
19828 0.407912 0.406017 0.186071
2685 0.219688 0.0147956 0.765516
2652 0.622892 0.365035 0.0120736
19349 0.507344 0.40882 0.0838363
22136 0.507557 0.474277 0.0181663
22096 0.1904 0.0121515 0.797448
5741 0.659764 0.316474 0.0237618
20706 0.0683862 0.239242 0.692372
19348 0.43087 0.0457447 0.523386
18909 0.549839 0.235317 0.214844
2788 0.394634 0.533605 0.0717614
3070 0.365832 0.33628 0.297889
19188 0.0339632 0.339276 0.626761
21139 0.552296 0.284178 0.163526
2810 0.534669 0.418472 0.0468582
21648 0.0391695 0.8533 0.107531
2842 0.177261 0.488016 0.334723
2667 0.348252 0.129617 0.522131
2771 0.324997 0.507256 0.167746
2759 0.0842652 0.555018 0.360717
3282 0.0491471 0.921095 0.0297579
2807 0.0843171 0.266793 0.648889
20803 0.0691369 0.799844 0.131019
2921 0.0933249 0.285309 0.621366
6151 0.627812 0.106621 0.265567
5711 0.419614 0.38095 0.199436
2537 0.443191 0.498866 0.0579429
20802 0.145867 0.679132 0.175001
2744 0.496871 0.326253 0.176877
21138 0.163546 0.770477 0.0659776
2743 0.829717 0.00594411 0.164339
20707 0.225975 0.611219 0.162806
22101 0.128276 0.0784587 0.793265
2748 0.511893 0.225033 0.263073
2573 0.881318 0.0295349 0.089147
4518 0.0270342 0.786759 0.186206
20823 0.154883 0.00997905 0.835138
2817 0.0660704 0.67779 0.25614
5065 0.389307 0.584835 0.0258586
22099 0.0607122 0.815035 0.124252
2647 0.146733 0.782283 0.0709833
2685 0.199583 0.728888 0.0715287
22101 0.0585617 0.550612 0.390826
3722 0.742764 0.171703 0.0855327
19386 0.468769 0.52308 0.00815161
3253 0.262723 0.613732 0.123544
2843 0.191257 0.762398 0.0463448
18713 0.205402 0.647031 0.147567
2648 0.0271525 0.103055 0.869793
5542 0.0796358 0.458085 0.462279
2843 0.228496 0.587892 0.183611
2764 0.372349 0.00331092 0.62434
3071 0.309788 0.603236 0.086976
19185 0.198741 0.64536 0.155899
3471 0.439895 0.480626 0.079479
19854 0.271889 0.0411871 0.686924
22140 0.059633 0.730495 0.209872
18667 0.949416 0.0184546 0.032129
18748 0.607083 0.235556 0.157361
2790 0.682224 0.236769 0.0810076
3068 0.545877 0.223145 0.230978
19382 0.102309 0.717505 0.180186
19609 0.368891 0.537575 0.0935337
21870 0.631105 0.243572 0.125323
2939 0.0231549 0.648695 0.32815
21191 0.251936 0.474309 0.273755
4658 0.154742 0.665643 0.179615
2809 0.531608 0.382996 0.0853966
5119 0.0774432 0.629 0.293556
24620 0.622288 0.0262869 0.351425
19381 0.174754 0.469093 0.356153
3714 0.545723 0.230819 0.223458
3244 0.565151 0.102591 0.332258
2809 0.278987 0.318463 0.402551
19862 0.776353 0.00920522 0.214441
3437 0.290324 0.573247 0.136429
3467 0.300763 0.473623 0.225614
21861 0.198384 0.42451 0.377106
2705 0.214788 0.0732859 0.711926
2954 0.377568 0.14767 0.474762
19863 0.176312 0.430248 0.39344
20298 0.0345754 0.630906 0.334518
18665 0.155993 0.557664 0.286343
5545 0.768394 0.053757 0.177849
18661 0.0165259 0.684303 0.299171
6377 0.392909 0.588784 0.0183071
21857 0.0374962 0.381985 0.580518
18655 0.445423 0.0529348 0.501642
3254 0.284155 0.0910623 0.624783
2780 0.590581 0.22516 0.18426
5703 0.229188 0.730041 0.0407719
18659 0.091401 0.491721 0.416878
19856 0.118278 0.578345 0.303378
19323 0.464481 0.369433 0.166085
20177 0.106715 0.22836 0.664925
24620 0.0724086 0.627771 0.29982
3026 0.0980029 0.884154 0.0178429
3292 0.125463 0.0631134 0.811424
19840 0.70098 0.0479972 0.251023
2782 0.51352 0.0167777 0.469702
3715 0.505098 0.451912 0.0429898
18752 0.798953 0.166461 0.0345857
3469 0.0669638 0.489808 0.443229
4732 0.353078 0.177287 0.469635
4730 0.841817 0.0486439 0.109539
6416 0.732798 0.196559 0.0706428
2574 0.646631 0.00440112 0.348968
6377 0.107524 0.389055 0.503421
20297 0.149629 0.0643976 0.785974
2925 0.0253252 0.165032 0.809643
21573 0.777431 0.203495 0.0190738
21189 0.397133 0.333439 0.269428
21190 0.716474 0.262506 0.0210197
19190 0.466282 0.121797 0.411921
2955 0.747461 0.145259 0.107281
19861 0.475923 0.379663 0.144414
20102 0.0822655 0.802148 0.115587
5662 0.333283 0.00641223 0.660304
19185 0.253995 0.100921 0.645084
21859 0.213969 0.174778 0.611253
4515 0.915573 0.0238066 0.0606204
19310 0.82361 0.114965 0.0614253
3252 0.469485 0.112939 0.417575
18980 0.123931 0.718987 0.157082
3163 0.153342 0.145485 0.701173
4656 0.495155 0.224122 0.280724
4730 0.263363 0.729666 0.00697053
3245 0.38177 0.406713 0.211517
19839 0.204626 0.300627 0.494747
20100 0.0504907 0.135383 0.814126
3438 0.0359368 0.847051 0.117012
19923 0.472824 0.131684 0.395492
5543 0.325801 0.108365 0.565833
3295 0.398615 0.31707 0.284315
19926 0.0305268 0.669506 0.299967
19854 0.0470048 0.952424 0.000571564
18587 0.305623 0.648358 0.0460188
21851 0.460465 0.345907 0.193629
21856 0.936669 0.00895943 0.0543715
3039 0.287677 0.111484 0.600838
3719 0.47895 0.229474 0.291577
19868 0.0581581 0.935415 0.00642694
3027 0.894266 0.0704695 0.035265
3251 0.0232235 0.486042 0.490734
19187 0.66773 0.0286136 0.303656
19322 0.14933 0.580603 0.270067
3065 0.0022436 0.754204 0.243553
4512 0.00828787 0.907637 0.0840747
19866 0.409115 0.0297258 0.561159
18657 0.669244 0.0294888 0.301268
18910 0.161772 0.760877 0.0773514
19387 0.353381 0.498393 0.148226
3248 0.0589739 0.197281 0.743745
22109 0.059672 0.29861 0.641718
6248 0.201023 0.385454 0.413524
3079 0.0580335 0.375832 0.566134
5545 0.0129832 0.6411 0.345917
2926 0.78718 0.0409437 0.171876
19830 0.0181972 0.789595 0.192208
2927 0.040931 0.0516272 0.907442
6150 0.364457 0.123763 0.51178
19383 0.52524 0.00696532 0.467795
5705 0.21425 0.085214 0.700536
19319 0.512456 0.243306 0.244238
20101 0.0390736 0.73468 0.226246
21854 0.32147 0.107823 0.570707
2545 0.587287 0.108105 0.304608
5913 0.274334 0.0987195 0.626946
5540 0.393127 0.570787 0.0360865
22125 0.513625 0.374055 0.11232
4726 0.12366 0.113122 0.763218
19869 0.00310806 0.25707 0.739822
20346 0.443595 0.274215 0.28219
19610 0.443161 0.273383 0.283456
21805 0.480484 0.405683 0.113833
3705 0.151312 0.569164 0.279523
18655 0.731514 0.247393 0.0210935
2795 0.351821 0.0865746 0.561604
19095 0.587232 0.000110438 0.412658
3083 0.262004 0.404712 0.333284
22122 0.700916 0.0703707 0.228714
20350 0.169944 0.628449 0.201607
6400 0.108434 0.668238 0.223328
6136 0.181492 0.306364 0.512144
2547 0.641147 0.269376 0.0894771
4515 0.264033 0.0323669 0.7036
21590 0.14873 0.835477 0.0157938
19868 0.0614048 0.178923 0.759673
21361 0.0113719 0.433201 0.555427
3114 0.359753 0.270475 0.369771
18911 0.764771 0.232859 0.00237008
19833 0.886237 0.0897572 0.0240056
3299 0.0149713 0.597502 0.387527
3300 0.0253278 0.945015 0.0296569
19311 0.055405 0.43159 0.513005
18716 0.638851 0.17822 0.182929
21510 0.225691 0.58129 0.193019
6055 0.0950793 0.883308 0.0216123
19922 0.729971 0.00472402 0.265305
19191 0.367828 0.344804 0.287368
19383 0.104306 0.529334 0.36636
3081 0.150644 0.257702 0.591654
5902 0.0798203 0.581014 0.339166
18657 0.186786 0.624403 0.188811
19316 0.276056 0.183796 0.540148
21582 0.732548 0.190501 0.0769506
18656 0.204632 0.659731 0.135637
4295 0.162816 0.456612 0.380572
21084 0.34497 0.586311 0.0687184
3303 0.206495 0.315041 0.478464
20348 0.651807 0.153782 0.19441
21583 0.151467 0.697454 0.151079
4294 0.519803 0.209524 0.270673
21296 0.196322 0.0375555 0.766122
19236 0.323823 0.34584 0.330337
2548 0.866207 0.120537 0.0132559
2403 0.207791 0.764404 0.027805
5118 0.85897 0.14103 7.24603e-16
18656 0.238167 0.287864 0.47397
6398 0.370584 0.315681 0.313735
22065 0.201473 0.619169 0.179358
3183 0.105182 0.875438 0.0193802
2546 0.126353 0.76265 0.110997
21294 0.125314 0.365222 0.509464
3080 0.553017 0.251789 0.195194
3958 0.230549 0.248566 0.520885
19835 0.442511 0.296399 0.26109
19874 0.423402 0.27977 0.296827
18582 0.607547 0.29853 0.0939224
18654 0.185991 0.256284 0.557725
3210 0.0824038 0.324854 0.592742
3298 0.224126 0.336994 0.43888
19320 0.116004 0.634545 0.249452
6402 0.414857 0.468451 0.116691
19895 0.109166 0.10815 0.782684
3384 0.0841158 0.900607 0.0152774
19832 0.0242881 0.925616 0.0500954
2548 0.178491 0.481459 0.340049
19346 0.09229 0.791262 0.116448
4138 0.429286 0.0796872 0.491026
20097 0.731742 0.205828 0.06243
19572 0.222574 0.0278568 0.749569
20143 0.520172 0.305738 0.174091
3209 0.501036 0.446129 0.0528344
21301 0.520165 0.0390255 0.440809
21364 0.621215 0.0907888 0.287997
21305 0.58385 0.173054 0.243096
6399 0.285829 0.182297 0.531874
3384 0.828183 0.0428212 0.128996
6428 0.754394 0.205896 0.0397101
3453 0.350436 0.360869 0.288695
19571 0.849339 0.0402367 0.110425
5115 0.61023 0.305067 0.0847026
21809 0.0572805 0.604578 0.338142
5113 0.581575 0.119158 0.299268
5064 0.202985 0.491429 0.305586
22066 0.0650253 0.4792 0.455775
4138 0.117076 0.794321 0.0886028
5116 0.798867 0.0739748 0.127158
21578 0.150907 0.27669 0.572403
19315 0.471299 0.220272 0.308428
19096 0.386819 0.430219 0.182962
6246 0.498127 0.13834 0.363534
18912 0.260354 0.148352 0.591294
3445 0.453136 0.50916 0.0377042
3381 0.574011 0.397831 0.0281587
3221 0.23688 0.646784 0.116337
4527 0.296603 0.648326 0.0550706
5116 0.20903 0.180638 0.610332
4653 0.668161 0.212172 0.119667
3509 0.214114 0.180533 0.605353
19304 0.0880204 0.521367 0.390613
3043 0.736882 0.249285 0.0138327
21581 0.479082 0.36399 0.156928
4138 0.833585 0.15393 0.0124846
21303 0.320068 0.288375 0.391557
3736 0.116304 0.363414 0.520282
2404 0.0424252 0.518729 0.438846
3211 0.258146 0.258367 0.483487
21699 0.020271 0.708797 0.270932
19313 0.414643 0.311711 0.273646
19901 0.158372 0.589252 0.252377
3729 0.0555871 0.525843 0.41857
2404 0.607255 0.204506 0.188239
20098 0.00893527 0.345569 0.645496
5458 0.127399 0.7836 0.0890011
18578 0.0553909 0.10866 0.835949
19897 0.247958 0.545258 0.206784
21808 0.717336 0.18014 0.102524
3227 0.285765 0.680183 0.0340517
5539 0.198688 0.313935 0.487377
5714 0.00967349 0.284083 0.706243
3959 0.329099 0.0902914 0.58061
21811 0.192282 0.184865 0.622853
3289 0.336096 0.402955 0.260949
20096 0.190059 0.633276 0.176665
19572 0.769494 0.108533 0.121973
19389 0.412003 0.105409 0.482589
21519 0.289153 0.179098 0.531749
6382 0.17495 0.251307 0.573743
20195 0.0205086 0.81365 0.165841
3223 0.178978 0.666548 0.154473
2550 0.047736 0.274242 0.678022
5931 0.516782 0.185516 0.297702
5904 0.368028 0.393197 0.238775
3224 0.456248 0.501237 0.0425155
19898 0.215672 0.703214 0.0811135
21302 0.148338 0.482661 0.369001
5479 0.591599 0.273771 0.13463
2556 0.379189 0.183392 0.43742
19235 0.483896 0.36204 0.154064
18578 0.732562 0.194462 0.0729762
21300 0.384841 0.314282 0.300877
6403 0.141048 0.63999 0.218962
22027 0.461299 0.217487 0.321214
3447 0.352486 0.0111941 0.636319
19345 0.667966 0.0248311 0.307203
22012 0.211304 0.195552 0.593143
3225 0.537068 0.155514 0.307419
3510 0.442989 0.0540876 0.502923
19898 0.832819 0.160501 0.00667943
19392 0.507262 0.170936 0.321802
19896 0.447762 0.129006 0.423232
20456 0.031711 0.563248 0.405041
5531 0.691531 0.00496798 0.303501
18913 0.192866 0.37195 0.435185
19393 0.264032 0.0151703 0.720797
4134 0.157684 0.0766817 0.765634
2555 0.347121 0.0339038 0.618975
4087 0.0768523 0.763587 0.15956
19390 0.348559 0.0764726 0.574969
21410 0.387071 0.587075 0.0258534
5536 0.20979 0.116562 0.673648
5561 0.556005 0.189961 0.254034
20194 0.328017 0.30097 0.371013
3087 0.0268786 0.41881 0.554312
5898 0.240617 0.530502 0.228881
2553 0.0518738 0.811822 0.136305
18720 0.085093 0.378947 0.53596
18720 0.62753 0.170011 0.202459
3272 0.256017 0.456347 0.287636
5530 0.553867 0.0174243 0.428709
21692 0.0142163 0.0419501 0.943834
19568 0.184431 0.72316 0.0924091
6247 0.101332 0.351798 0.54687
3273 0.684638 0.10893 0.206432
19346 0.563736 0.0818991 0.354365
4086 0.132685 0.100464 0.766851
19241 0.375262 0.350696 0.274042
5534 0.470383 0.227346 0.302272
18573 0.102374 0.332675 0.564951
21700 0.330879 0.253644 0.415477
6403 0.729966 0.224668 0.0453651
19893 0.176089 0.513001 0.310909
19547 0.180186 0.177267 0.642546
19890 0.529112 0.339133 0.131754
4292 0.123927 0.802212 0.073861
18722 0.469465 0.312932 0.217604
21697 0.435423 0.258114 0.306462
18569 0.0204015 0.590376 0.389223
18572 0.0985685 0.622027 0.279405
4133 0.0350012 0.240739 0.72426
4293 0.0974029 0.405602 0.496995
19878 0.881635 0.0705125 0.0478524
3365 0.229152 0.254851 0.515997
5111 0.0222442 0.146018 0.831738
3274 0.0708824 0.442456 0.486661
3504 0.25678 0.73613 0.00709044
18576 0.00657952 0.167974 0.825447
19099 0.0708364 0.0773468 0.851817
22071 0.287153 0.287984 0.424863
6247 0.62832 0.104372 0.267308
20918 0.122963 0.568175 0.308861
20457 0.226173 0.451229 0.322598
3207 0.614063 0.211629 0.174308
21693 0.537686 0.0205511 0.441763
3512 0.242103 0.0338899 0.724007
21091 0.604697 0.179174 0.216129
3111 0.379489 0.506958 0.113553
19919 0.288664 0.465821 0.245515
20918 0.354862 0.0139289 0.631209
21695 0.411426 0.407663 0.180911
19904 0.0373679 0.363549 0.599084
3465 0.233407 0.151899 0.614694
4547 0.0453815 0.451327 0.503292
4131 0.12462 0.555009 0.32037
3377 0.222354 0.420126 0.35752
18568 0.30766 0.0426229 0.649717
19398 0.022811 0.120222 0.856967
19918 0.432766 0.479252 0.0879818
2582 0.255387 0.14538 0.599233
6404 0.16286 0.425879 0.41126
19472 0.467621 0.409296 0.123083
19398 0.647918 0.15736 0.194723
5535 0.708832 0.245281 0.0458866
19242 0.768779 0.139435 0.0917863
3366 0.284043 0.149421 0.566536
3462 0.485895 0.159807 0.354299
5547 0.491032 0.116741 0.392227
3291 0.445286 0.322576 0.232137
4550 0.93965 0.00576391 0.054586
19905 0.195394 0.792253 0.0123535
20457 0.279124 0.0485408 0.672335
6388 0.332736 0.399521 0.267743
21691 0.114279 0.743225 0.142496
4646 0.184966 0.352855 0.462178
5530 0.179817 0.776135 0.0440474
19181 0.0158869 0.638496 0.345617
19913 0.191663 0.5918 0.216538
20766 0.384097 0.485783 0.13012
6404 0.749607 0.248258 0.00213511
3450 0.0129947 0.58109 0.405915
19920 0.306254 0.660519 0.0332269
3110 0.187747 0.16069 0.651564
5897 0.101799 0.70921 0.188991
4291 0.190018 0.534291 0.275692
19473 0.763772 0.0723255 0.163902
5897 0.948492 0.0448476 0.00666047
6383 0.119457 0.831666 0.0488777
19395 0.336211 0.557108 0.10668
3091 0.0301108 0.863145 0.106744
20917 0.334987 0.50845 0.156563
19098 0.208068 0.297823 0.494109
21787 0.639561 0.188364 0.172075
4143 0.389411 0.270259 0.340331
5532 0.291086 0.0903496 0.618564
6427 0.828888 0.00951924 0.161593
3707 0.41019 0.0213242 0.568486
18723 0.0871962 0.390576 0.522227
4132 0.255853 0.13644 0.607707
5567 0.0313095 0.0232244 0.945466
19461 0.077859 0.399635 0.522506
21789 0.286377 0.169685 0.543938
19915 0.356347 0.457418 0.186235
18730 0.0859194 0.407387 0.506694
3106 0.0699535 0.774311 0.155735
19473 0.35152 0.169097 0.479383
18724 0.300747 0.0624286 0.636824
3277 0.0252163 0.42029 0.554494
5535 0.198636 0.0911824 0.710182
4140 0.192387 0.646022 0.161592
21786 0.358439 0.41708 0.224481
19906 0.857942 0.0853469 0.056711
18915 0.166299 0.370507 0.463194
19881 0.17409 0.381107 0.444803
20387 0.206999 0.690781 0.102219
19906 0.144486 0.36741 0.488104
3433 0.191575 0.118539 0.689886
18565 0.201524 0.205463 0.593013
3529 0.0183213 0.744999 0.23668
20396 0.659097 0.031 0.309903
20481 0.0100991 0.488858 0.501042
3694 0.383909 0.579701 0.0363906
3108 0.0123355 0.89117 0.096494
4550 0.0951792 0.180938 0.723883
4652 0.375478 0.257151 0.367371
19244 0.416277 0.557385 0.0263383
4141 0.382499 0.473776 0.143725
3105 0.887676 0.0227009 0.0896235
19400 0.689993 0.0173209 0.292686
4647 0.0220312 0.297303 0.680665
21022 0.246311 0.611008 0.142682
5548 0.614436 0.188408 0.197156
4644 0.442349 0.240615 0.317036
19192 0.331322 0.467189 0.20149
19910 0.0330878 0.362908 0.604004
19400 0.0856815 0.384498 0.52982
6406 0.147276 0.819221 0.0335029
19907 0.394796 0.546789 0.0584147
19253 0.0135089 0.0267009 0.95979
6406 0.671617 0.300512 0.0278707
6417 0.31412 0.11861 0.567269
2406 0.615592 0.0592787 0.325129
3696 0.221404 0.74088 0.0377169
20386 0.273719 0.0436849 0.682596
6539 0.313538 0.355859 0.330604
19636 0.0468196 0.11571 0.837471
3093 0.215925 0.700072 0.0840027
4649 0.628157 0.169039 0.202804
20191 0.0260532 0.675551 0.298396
19250 0.758028 0.196655 0.0453165
3708 0.331329 0.418528 0.250143
20482 0.430834 0.266952 0.302214
18564 0.0701929 0.824031 0.105776
3093 0.0929486 0.0363989 0.870653
3698 0.280947 0.0365159 0.682537
6393 0.234181 0.571814 0.194005
21717 0.449876 0.205283 0.344842
19909 0.215173 0.248872 0.535954
19178 0.282618 0.274128 0.443254
2587 0.279644 0.163938 0.556417
19179 0.218665 0.230225 0.551111
3487 0.780409 0.0144451 0.205146
21552 0.163301 0.309046 0.527653
21714 0.422236 0.282764 0.294999
18731 0.40001 0.347366 0.252624
6384 0.0257584 0.287692 0.686549
3522 0.656539 0.0349603 0.308501
5567 0.399997 0.593158 0.00684525
4142 0.412391 0.284303 0.303306
3515 0.00804805 0.20156 0.790392
19256 0.0612349 0.786725 0.15204
5613 0.84928 0.0109363 0.139784
19548 0.259325 0.569764 0.170911
5985 0.142126 0.652508 0.205367
18623 0.469957 0.244819 0.285224
19636 0.624327 0.145189 0.230484
19664 0.279097 0.118046 0.602857
2406 0.189202 0.567563 0.243235
6395 0.377846 0.0972999 0.524854
19245 0.00274951 0.595787 0.401464
3520 0.168893 0.628226 0.202881
18870 0.847744 0.0765325 0.0757238
19344 0.486278 0.153124 0.360598
5615 0.0495966 0.687646 0.262757
4761 0.117103 0.1857 0.697197
2406 0.065083 0.109401 0.825516
18728 0.794561 0.141323 0.0641168
21023 0.74048 0.142741 0.116779
3522 0.0404951 0.437344 0.522161
20390 0.275317 0.287806 0.436877
20204 0.727697 0.23611 0.0361927
3521 0.520627 0.22715 0.252223
6519 0.466451 0.487368 0.0461811
3790 0.235727 0.0470912 0.717182
3700 0.314491 0.118785 0.566724
21221 0.183031 0.458221 0.358748
3791 0.291985 0.0110349 0.69698
19259 0.276228 0.710682 0.0130901
21453 0.227117 0.346928 0.425955
18727 0.0655596 0.535799 0.398641
6391 0.125511 0.162612 0.711877
6223 0.0504122 0.143466 0.806122
6391 0.598343 0.096968 0.304689
21761 0.123794 0.769033 0.107174
18562 0.225812 0.530364 0.243823
18870 0.0446205 0.839463 0.115917
20053 0.255772 0.545675 0.198553
19246 0.0480659 0.717955 0.233979
17590 0.0749015 0.295252 0.629846
3095 0.0434763 0.607787 0.348737
17593 0.0303176 0.303322 0.66636
4760 0.280601 0.628831 0.0905686
6394 0.16943 0.472662 0.357908
4475 0.265607 0.392693 0.3417
4130 0.220539 0.0761748 0.703287
6397 0.185669 0.802367 0.0119632
3526 0.0670664 0.216482 0.716451
18869 0.546193 0.360484 0.0933231
20201 0.76573 0.0104308 0.223839
21768 0.497329 0.345218 0.157453
20779 0.134139 0.825601 0.04026
3102 0.0191525 0.65058 0.330268
3702 0.144248 0.368 0.487752
4642 0.520587 0.143006 0.336407
18725 0.367497 0.545261 0.0872424
5727 0.0641501 0.783996 0.151854
4648 0.694578 0.130271 0.175151
